Electricity Load [J],Heating Load [kwh],Cooling Load [kwh],Environment:Site Direct Solar Radiation Rate per Area [W/m2](Hourly),Environment:Site Wind Speed [m/s](Hourly),Environment:Site Wind Speed [m/s](Hourly)
10.350306470193523,47.24778762559276,2.099137974967594,0.0,1.9375,1.9375
10.350306470193523,49.13327973723052,2.0013620410353385,0.0,2.5,2.5
10.350306470193523,33.78596970328696,1.3116097648172387,0.0,2.1875,2.1875
10.350306470193523,52.003730278038134,1.9524017143506989,0.0,2.0,2.0
10.350306470193523,51.14280658809859,1.8955928471398524,0.0,2.0,2.0
10.350306470193523,35.59745426250038,1.2576383782308287,0.0,2.0,2.0
13.134080232505159,54.188104795619125,1.9671241396627752,0.0,2.0,2.0
13.24577757907463,50.78116046052822,1.9756379875911145,0.0403125,2.0,2.0
13.006348058897876,27.903260378494434,1.3711970647422613,0.23175,1.375,1.375
12.938261029094233,32.58999694715946,2.49724433778514,0.387125,1.0,1.0
12.933047904492726,27.18893915079212,3.0948206812531303,0.39025,1.0,1.0
12.933047904492726,16.171191178654233,0.12803371518164539,0.0305625,1.0,1.0
12.933047904492726,22.385276167833368,0.2775537652647355,0.12,1.0,1.0
12.933047904492726,18.04283711890775,0.8420848444160737,0.5690625,1.0,1.0
12.941706950458077,11.347833317214391,0.6584759969033757,0.39625,1.625,1.625
13.135894931862468,21.786498268242127,0.9591744209673336,0.0296875,2.0,2.0
13.322606911852002,25.878696781911835,2.88827289621678,0.0,2.0,2.0
13.322606911852002,20.366085437398635,1.7848836157238845,0.0,2.0,2.0
10.611742008136241,35.91854261659416,2.5072705590197346,0.0,2.0,2.0
10.350306470193523,31.414554759498145,2.2716762971615063,0.0,2.0,2.0
10.350306470193523,22.879599327531764,1.506717403456857,0.0,1.375,1.375
10.350306470193523,37.263609111668714,2.2686396751320133,0.0,1.0,1.0
10.350306470193523,33.558318202878624,2.1803997156625807,0.0,1.0,1.0
10.350306470193523,25.154961548830784,1.4534739003151016,0.0,1.0,1.0
13.442889942541491,48.71318134225206,2.3717125067841858,0.0,1.0,1.0
13.442889942541491,46.77407371753528,2.347483631021309,0.0,1.0,1.0
13.442889942541491,33.063985593358346,1.5805611104313237,0.0,1.0,1.0
13.442889942541491,52.31608558251912,2.382083906258494,0.0,1.0,1.0
13.442889942541491,47.994508197081046,2.2635556125173095,0.0,1.0,1.0
13.442889942541491,74.37962352846881,1.4415780611554494,0.0,1.0,1.0
18.336058690846233,195.25448967380746,0.0,0.0,1.0,1.0
37.16109196256464,189.11244368758005,0.17621893094772623,0.02025,1.0,1.0
84.3703197685506,135.64517063133113,6.713750272571852,0.081,1.0,1.0
74.79163820176977,114.7304581565496,6.74907544374538,0.0525,1.0,1.0
72.29851631263973,88.1529063519824,6.779682513761229,0.237,1.0,1.0
74.21670290839647,68.31426306119738,7.156044798046531,0.2921875,1.0,1.0
75.21995504444162,69.75300335613946,7.546293014386375,0.26175,1.0,1.0
76.10996208746545,58.882132138866666,7.746570102836795,0.0203125,1.0,1.0
73.2761592502182,54.254410823261466,7.639312757017205,0.0,1.625,1.625
76.80524179863657,50.30844728228914,7.714514647461573,0.0,2.0,2.0
82.19581174416012,48.0548143178065,8.576039403185927,0.0,2.0,2.0
57.41216647569334,70.48818712559033,8.065087993950424,0.0,2.0,2.0
30.156088958162037,74.68418131738085,6.423321089687031,0.0,2.0,2.0
27.57729774937083,68.00458837203719,3.646699017876521,0.0,2.0,2.0
23.92397220829688,67.17545171070897,2.958675697949022,0.0,2.0,2.0
22.634576603901273,65.99261638471883,1.9629306766043966,0.0,2.0,2.0
18.98125106282732,0.0,0.0,0.0,2.0,2.0
17.15458829229034,0.0,0.0,0.0,2.0,2.0
13.70432548048421,0.0,0.0,0.0,2.0,2.0
13.442889942541491,3.2822790244912534,0.939565598293969,0.0,2.0,2.0
13.442889942541491,6.653017542853917,1.258014876622359,0.0,2.0,2.0
13.442889942541491,7.5175752469222115,1.1270749727401703,0.0,2.0,2.0
13.442889942541491,7.876225185191012,1.8513637900019835,0.0,2.0,2.0
13.442889942541491,48.04335571254378,5.559034508413915,0.0,2.0,2.0
18.336058690846233,112.13676720330767,2.82067969748381,0.0,2.0,2.0
37.10913768677253,119.3547351754159,5.564288587777927,0.03,2.0,2.0
84.04210808400276,70.14033846174969,9.296401817893786,0.1719375,2.0,2.0
74.42028220488741,49.18714968881382,11.028327705239795,0.2850625,2.0,2.0
72.28260950180305,37.40196024749998,12.354222853871768,0.2865625,2.0,2.0
74.21670290839647,36.499744518304766,13.769217137165311,0.111875,2.0,2.0
75.21995504444162,38.816122128163016,14.998039580759004,0.4588125,2.0,2.0
75.82844741389097,24.620506572444437,21.3751530531831,0.524625,2.0,2.0
72.49042660497149,19.509472278374144,23.344190300860827,0.3959375,2.0,2.0
76.47047407298732,21.826463085542645,18.801041700308854,0.0301875,2.0,2.0
82.19581174416012,25.124639499264816,18.969355177444662,0.0,2.0,2.0
57.41216647569334,43.57991884026668,12.551389020565715,0.0,2.0,2.0
30.156088958162037,49.89611276479929,8.385454213465081,0.0,2.0,2.0
27.57729774937083,46.26232235988162,7.032596563492567,0.0,2.0,2.0
23.92397220829688,49.56796860661394,6.561569535625997,0.0,2.625,2.625
22.634576603901273,52.024165227188405,5.218024059506653,0.0,3.0,3.0
18.98125106282732,0.0,0.0,0.0,3.0,3.0
17.15458829229034,0.0,0.0,0.0,3.0,3.0
13.70432548048421,1.9779966252971355,0.6225637234750379,0.0,3.0,3.0
13.442889942541491,6.089242792066062,1.6683814150520782,0.0,3.0,3.0
13.442889942541491,4.894966479914377,1.0139394070830174,0.0,3.0,3.0
13.442889942541491,9.511342667922005,1.4353092559350722,0.0,3.0,3.0
13.442889942541491,12.209480530722661,2.6418357833163824,0.0,3.0,3.0
13.442889942541491,35.82986269365506,5.3235913129701276,0.0,3.0,3.0
18.336058690846233,106.7816761765371,4.869316513505717,0.0,3.0,3.0
37.10913768677253,111.5028114833147,5.944573153624204,0.0496875,3.0,3.0
84.58455587728426,64.32652541250475,12.36173683520548,0.306,3.0,3.0
74.4303518713809,41.20820997497068,14.024460621948093,0.556,3.0,3.0
72.28260950180305,32.559234747237745,18.364768162248183,0.612125,3.0,3.0
74.21670290839647,27.978515728078765,21.410911330477354,0.706375,3.0,3.0
75.21995504444162,36.61959006857634,21.297895046971462,0.569125,3.0,3.0
75.82844741389097,26.51879185177075,22.441067482430956,0.1351875,3.0,3.0
72.82448352401897,20.97999725515616,22.53669783626857,0.366,3.625,3.625
77.61447669684712,25.139854788727682,19.17010243674959,0.0305,4.0,4.0
82.19581174416012,28.721480578769956,20.688418525192613,0.0,4.0,4.0
57.41216647569334,45.400735472058024,14.989289810329069,0.0,4.0,4.0
30.156088958162037,50.659512589997696,10.113634739252088,0.0,4.0,4.0
27.57729774937083,46.510173083828555,8.647652626449306,0.0,4.0,4.0
23.92397220829688,48.422239110203634,8.000072378516405,0.0,4.0,4.0
22.634576603901273,49.47564174066501,7.200648332861549,0.0,4.0,4.0
18.98125106282732,0.0,0.0,0.0,4.0,4.0
17.15458829229034,0.0,0.0,0.0,4.0,4.0
13.70432548048421,3.6368661724201483,1.294192544707983,0.0,4.0,4.0
13.442889942541491,4.661678033850632,1.18438548769156,0.0,4.0,4.0
13.442889942541491,7.16328081320609,1.6242126156620733,0.0,2.75,2.75
13.442889942541491,6.826190045889974,1.4747331415339904,0.0,2.0,2.0
13.442889942541491,5.830820181938277,0.951697282122907,0.0,2.0,2.0
13.442889942541491,39.961719278234746,7.8161430694542835,0.0,2.0,2.0
18.336058690846233,95.67245527711528,6.5004613803791855,0.0,2.0,2.0
37.125044497609196,103.75581531260053,6.070342944622036,0.0264375,2.0,2.0
84.0227891081095,61.89030785383894,12.63935075416801,0.10575,2.625,2.625
74.62225886088319,46.5031365930663,13.45743931612778,0.067125,3.0,3.0
72.28260950180305,28.24699882205724,15.789218706823934,0.23325,3.0,3.0
74.28033015174313,27.8276094650078,16.90611592882813,0.0194375,3.0,3.0
75.25176866611494,34.736177970752834,16.266578972896035,0.086625,3.0,3.0
75.82844741389097,18.843465493719524,23.561889233381574,0.3465,3.0,3.0
72.88591751492599,19.527932469555182,19.057737109689604,0.028875,2.375,2.375
75.7498288852052,21.095728162470095,18.724288761615,0.0,2.0,2.0
82.19581174416012,24.249785130116365,20.889450190218103,0.0,2.0,2.0
57.41216647569334,40.791121835285104,15.780966631407837,0.0,2.0,2.0
30.156088958162037,45.45383360622848,10.625575570263731,0.0,2.0,2.0
27.57729774937083,42.0302218623051,9.059651873327486,0.0,2.0,2.0
23.92397220829688,44.26908838518151,8.368808949669951,0.0,1.375,1.375
22.634576603901273,46.25794175656481,7.6636289891881075,0.0,1.0,1.0
18.98125106282732,0.0,0.0,0.0,1.0,1.0
17.15458829229034,0.0,0.0,0.0,1.0,1.0
13.70432548048421,0.0,0.0,0.0,1.0,1.0
13.442889942541491,0.0,0.0,0.0,1.0,1.0
13.442889942541491,6.766116028047047,1.7153643675399675,0.0,1.625,1.625
13.442889942541491,7.929195281471989,1.545752222036737,0.0,2.0,2.0
13.442889942541491,5.799966280414859,0.9373208471031164,0.0,2.0,2.0
13.442889942541491,40.24242034852378,8.132280882858295,0.0,2.0,2.0
18.336058690846233,94.50544664367652,6.967058196983006,0.0,2.0,2.0
37.125044497609196,101.81127178964519,6.145894309131144,0.02925,2.0,2.0
84.07815422782643,59.67152816945167,12.730828754638159,0.117,2.0,2.0
74.59204787970504,45.642234907973716,13.780320770239369,0.0735,2.0,2.0
72.28260950180305,28.62385165973049,16.765891262598927,0.3298125,2.0,2.0
74.21670290839647,21.70172214315104,21.01085678987236,0.4045,2.0,2.0
75.21995504444162,30.321192740042044,21.61178182906254,0.3609375,2.0,2.0
76.00181969259911,24.374152285632327,20.811739774804895,0.028,2.0,2.0
72.8281274159225,25.598384256958358,18.537929645102114,0.0,3.25,3.25
76.04199442592937,28.13628664071959,18.75861231157897,0.0,4.0,4.0
82.19581174416012,30.90774603697425,20.942884914498404,0.0,4.0,4.0
57.41216647569334,46.814285405766235,15.579380312731924,0.0,4.0,4.0
30.156088958162037,52.78443349131008,10.993576613650719,0.0,4.0,4.0
27.57729774937083,49.007880773897156,9.147739846762757,0.0,4.0,4.0
23.92397220829688,49.97287421670369,8.504311243908885,0.0,2.75,2.75
22.634576603901273,50.79665640056218,7.750316676747196,0.0,2.0,2.0
18.98125106282732,0.0,0.0,0.0,2.0,2.0
17.15458829229034,0.0,0.0,0.0,2.0,2.0
10.611742008136241,2.1198948908393347,0.6402221496043322,0.0,2.0,2.0
10.350306470193523,6.7008782907030815,1.7099942404277364,0.0,2.0,2.0
10.350306470193523,4.345401238914617,1.0334271024458082,0.0,0.75,0.75
10.350306470193523,6.994174531780231,1.4587967606758212,0.0,0.0,0.0
10.350306470193523,7.20891038942585,1.3047250135020607,0.0,0.0,0.0
10.350306470193523,31.307143374575944,7.371969687668933,0.0,0.0,0.0
18.336058690846233,93.65848508879489,6.835775744025633,0.0,0.0,0.0
23.985174814854993,104.46806173459173,4.505149327989962,0.03375,0.0,0.0
32.52268499686805,70.50053330203107,6.244619195605652,0.1918125,0.625,0.625
34.55185640433484,54.66098228017804,7.245516835100949,0.2385,1.0,1.0
33.64313467410591,55.99329176153725,7.403686888832732,0.0189375,1.0,1.0
35.84655427900933,53.11524149341573,7.660408757234882,0.0,1.0,1.0
24.497875314423112,54.37035714875022,5.9284581033605335,0.0,1.0,1.0
21.929688646189682,48.441605389446195,4.658886379921486,0.094125,1.0,1.0
20.315025898806535,34.362609982232655,4.117765126168435,0.3765,2.25,2.25
19.45491110023572,42.01024468373859,3.2975306728263822,0.031375,3.0,3.0
20.503667648639635,52.329339525419584,2.9411697829743817,0.0,3.0,3.0
15.256700318445407,2.269279402300966,20.831849606812305,0.0,3.0,3.0
13.322606911852002,0.0,0.0,0.0,3.0,3.0
10.611742008136241,5.800474363137769,1.4077598334717396,0.0,3.0,3.0
10.350306470193523,5.608263511574991,1.4818178414802385,0.0,1.125,1.125
10.350306470193523,4.230235122248418,0.9069324182556382,0.0,0.0,0.0
10.350306470193523,7.912817960573503,1.255450101079352,0.0,0.0,0.0
10.350306470193523,8.181252228627546,1.1260326071977511,0.0,0.0,0.0
10.350306470193523,6.5452207679472965,0.945158486191485,0.0,0.0,0.0
10.350306470193523,12.391414151048686,3.308799778540556,0.0,0.0,0.0
10.350306470193523,13.039652182432313,2.0522816606474725,0.0,0.0,0.0
10.350306470193523,11.824364327249109,3.2599656260787655,0.0,0.0,0.0
10.350306470193523,19.291217044330587,4.884799942804638,0.0,0.0,0.0
10.350306470193523,19.600951889528794,4.824905198781495,0.0,0.0,0.0
13.134080232505159,17.481009492669667,5.236602716861927,0.0,0.0,0.0
13.266482803771003,23.149383484197134,6.338600629963766,0.0346875,0.0,0.0
13.056580235677371,16.68468593199832,5.4954160921751125,0.2686875,0.0,0.0
12.941706730269447,8.253714294883256,2.8636155765581086,0.6659375,0.0,0.0
12.933047904492726,9.675531519935902,4.032584555575318,0.717,0.0,0.0
12.933047904492726,6.137879392389535,1.5652976302320727,0.6825625,0.0,0.0
12.934815327919022,3.6437893042109057,1.158942454593319,0.5411875,0.0,0.0
12.948128145965788,4.602915284863919,1.8522427636101133,0.560875,0.0,0.0
12.982829659791733,7.152264869363993,3.73853116906966,0.416375,2.5,2.5
13.250108340322404,8.446450842009256,2.9937157615568273,0.0316875,4.0,4.0
13.322606911852002,16.04284993777678,2.464662089531356,0.0,4.0,4.0
13.322606911852002,16.115236739328527,1.5770179797660089,0.0,4.0,4.0
10.611742008136241,15.796446848005733,1.7182683496109536,0.0,4.0,4.0
10.350306470193523,25.034094878451135,3.26656164312028,0.0,4.0,4.0
10.350306470193523,21.27491112467563,2.1393657348840374,0.0,2.75,2.75
10.350306470193523,18.29199446391453,2.9585858124679154,0.0,2.0,2.0
10.350306470193523,25.820807079209157,4.335281292389536,0.0,2.0,2.0
10.350306470193523,24.96399463482871,2.7264127879970856,0.0,2.0,2.0
13.442889942541491,23.38870325660128,4.022081316129329,0.0,2.0,2.0
13.442889942541491,31.299660681275398,3.8854520479718393,0.0,2.0,2.0
13.442889942541491,25.025060610546287,2.600592808242287,0.0,0.75,0.75
13.442889942541491,20.328447043852766,3.8924498478125447,0.0,0.0,0.0
13.442889942541491,26.72455286302029,3.7989654981790886,0.0,0.0,0.0
13.442889942541491,63.746299259932194,2.0877562318012775,0.0,0.0,0.0
18.336058690846233,158.45340447008405,0.2542388309480071,0.0,0.0,0.0
36.90513005781864,155.78450092686268,2.441511150618183,0.073125,0.0,0.0
83.20165760565393,91.99537868796226,7.249708192477829,0.2925,0.0,0.0
74.40014287190043,77.68354919777961,7.407517450956624,0.024375,0.0,0.0
72.28260950180305,64.70874012378935,7.3636426054107265,0.0,0.0,0.0
74.21670290839647,48.94394874094974,8.15950549629326,0.1321875,0.0,0.0
75.21995504444162,45.01467384828654,11.62248811295781,0.52875,0.0,0.0
75.82844741389097,31.02801664111068,11.811634505340724,0.0440625,0.0,0.0
72.51216989958543,32.04109882882825,11.892676242698014,0.0,1.875,1.875
74.57401263967206,33.607183135564235,13.008898683001927,0.0,3.0,3.0
82.19581174416012,36.125395590668056,14.187572342044016,0.0,3.0,3.0
57.41216647569334,56.549053174400164,8.577283974951664,0.0,3.0,3.0
30.156088958162037,63.11595281744916,6.811761367547758,0.0,3.0,3.0
27.57729774937083,58.43343816528465,5.473387998708944,0.0,3.0,3.0
23.92397220829688,59.270523953862174,4.45591610233484,0.0,2.375,2.375
22.634576603901273,59.39613982549085,3.2352306615400654,0.0,2.0,2.0
18.98125106282732,0.0,0.0,0.0,2.0,2.0
17.15458829229034,0.0,0.0,0.0,2.0,2.0
13.70432548048421,0.0,0.0,0.0,2.0,2.0
13.442889942541491,5.871703578494895,1.5378243893330041,0.0,2.0,2.0
13.442889942541491,6.537526062673188,1.332331795538105,0.0,2.0,2.0
13.442889942541491,5.613574128494536,0.8400128868839072,0.0,2.0,2.0
13.442889942541491,10.841308240175746,2.289086269578367,0.0,2.0,2.0
13.442889942541491,42.11060101429919,5.339277796830189,0.0,2.0,2.0
18.336058690846233,107.26716561309777,3.5694878716333007,0.0,2.0,2.0
37.14430808413233,115.55632154855795,5.856558656552602,0.0215625,2.0,2.0
84.20934265698473,70.07189804664966,11.121445657074913,0.08625,1.375,1.375
74.8083287060423,59.224935685709006,12.274931301665333,0.0071875,1.0,1.0
72.46604946530701,47.94679124177687,12.439916992120615,0.0523125,1.0,1.0
74.21670290839647,31.783175809334487,14.895804806121435,0.26775,1.0,1.0
75.21995504444162,35.71856525585938,15.153042041552535,0.2514375,1.0,1.0
75.99758584931699,28.067380881234353,17.314841037750913,0.09975,1.0,1.0
72.4183316750606,19.28190065181551,21.120465599048167,0.321,1.625,1.625
76.27214477509031,23.1120585583058,18.284468268504543,0.02675,2.0,2.0
82.19581174416012,26.944503268571356,19.452624268291423,0.0,2.0,2.0
57.41216647569334,44.24562761720675,13.217426880967091,0.0,2.0,2.0
30.156088958162037,50.18061179222985,8.897608351873467,0.0,2.0,2.0
27.57729774937083,46.301569383249024,7.548718526037589,0.0,2.0,2.0
23.92397220829688,48.656096195593875,7.071790126842592,0.0,2.0,2.0
22.634576603901273,50.536811130779675,5.9250063803774955,0.0,2.0,2.0
18.98125106282732,0.0,0.0,0.0,2.0,2.0
17.15458829229034,0.0,0.0,0.0,2.0,2.0
13.70432548048421,0.0,0.0,0.0,2.0,2.0
13.442889942541491,6.390334606195647,1.743784262268079,0.0,2.0,2.0
13.442889942541491,5.796491396338637,1.5417097283849004,0.0,0.75,0.75
13.442889942541491,4.177209944462906,0.9602704588456522,0.0,0.0,0.0
13.442889942541491,7.330004224523834,1.3443328825827932,0.0,0.0,0.0
13.442889942541491,34.040686348810944,7.140676505961947,0.0,0.0,0.0
18.336058690846233,95.2553197388914,5.964564146603533,0.0,0.0,0.0
37.0117473572335,103.48035337046602,6.080948329317659,0.048375,0.0,0.0
83.2276340829841,58.26843706538353,12.532555420485288,0.1935,0.0,0.0
74.38846858321408,44.354425870271854,13.16928871691692,0.1160625,0.0,0.0
72.28260950180305,26.1634368122598,17.78042299242771,0.39975,0.0,0.0
74.21670290839647,25.26277081566775,17.30854198479617,0.0333125,0.0,0.0
75.21995504444162,31.36707835088423,16.839803184822205,0.12375,0.0,0.0
75.82844741389097,15.950294670189104,25.679003733855172,0.495,0.0,0.0
72.57419450243692,16.9391176212832,20.650431323820186,0.04125,1.875,1.875
74.99385298416247,20.907013586757092,18.80969806743069,0.0,3.0,3.0
82.19581174416012,25.160346696327526,20.83586117936843,0.0,3.0,3.0
57.41216647569334,42.43361795269939,15.706407881336029,0.0,3.0,3.0
30.156088958162037,48.3620935307487,10.482427615063951,0.0,3.0,3.0
27.57729774937083,45.38486504119626,8.85446504099174,0.0,3.0,3.0
23.92397220829688,47.17350176675892,8.176007292556255,0.0,1.75,1.75
22.634576603901273,48.58042849556647,7.412571491242389,0.0,1.0,1.0
18.98125106282732,0.0,0.0,0.0,1.0,1.0
17.15458829229034,0.0,0.0,0.0,1.0,1.0
13.70432548048421,0.0,0.0,0.0,1.0,1.0
13.442889942541491,2.0286760587630437,0.6030707164491742,0.0,1.0,1.0
13.442889942541491,5.136924505939891,1.6407089441699434,0.0,0.375,0.375
13.442889942541491,3.9783602873637745,1.0273153052276442,0.0,0.0,0.0
13.442889942541491,7.139003543262899,1.4417335917192347,0.0,0.0,0.0
13.442889942541491,33.367320257491144,8.468886602806174,0.0,0.0,0.0
18.336058690846233,93.37778569908077,7.080537820467,0.0,0.0,0.0
37.125044497609196,103.0375310608076,6.4334100015267754,0.0249375,0.0,0.0
84.10413070515659,64.2895913360298,12.686656800544279,0.09975,0.625,0.625
74.60211820676442,52.73015359106625,13.251684230532538,0.0593125,1.0,1.0
72.28260950180305,35.447450774417625,15.100428433905407,0.2634375,1.0,1.0
74.21670290839647,26.773002098334118,18.878020337151614,0.32075,1.0,1.0
75.21995504444162,32.697333893400916,19.885929228356403,0.3569375,1.0,1.0
75.84435422472764,20.77772232587176,23.811465232911235,0.3145,1.0,1.0
72.83819708241599,21.852949356778534,19.26677432486532,0.0245625,1.625,1.625
75.69656988803737,24.677243970885566,18.7860300688925,0.00075,2.0,2.0
82.19581174416012,27.506235830939513,20.945381812798843,0.0,2.0,2.0
57.41216647569334,43.64141881439982,15.630878405774027,0.0,2.0,2.0
30.156088958162037,48.80339487962327,10.879827302042873,0.0,2.0,2.0
27.57729774937083,44.930445183391605,9.137934178397925,0.0,2.0,2.0
23.92397220829688,46.71509980374022,8.509888880690916,0.0,1.375,1.375
22.634576603901273,48.06395658566665,7.768860983728296,0.0,1.0,1.0
18.98125106282732,0.0,0.0,0.0,1.0,1.0
17.15458829229034,0.0,0.0,0.0,1.0,1.0
13.70432548048421,0.0,0.0,0.0,1.0,1.0
13.442889942541491,3.7978326295815523,1.1912530077337238,0.0,1.0,1.0
13.442889942541491,4.061950667810315,1.1032699463217208,0.0,0.375,0.375
13.442889942541491,7.037575485089249,1.5468668685439706,0.0,0.0,0.0
13.442889942541491,7.133919182246814,1.3885310778917486,0.0,0.0,0.0
13.442889942541491,30.288000847816292,8.0560940431877,0.0,0.0,0.0
18.336058690846233,97.4346601987147,7.116513850352799,0.0,0.0,0.0
37.125044497609196,105.77334537679373,6.516257076059156,0.0223125,0.0,0.0
83.78087043951737,65.22351839496702,12.684798097147958,0.08925,0.0,0.0
74.732001914547,54.648763448787,13.16482811315726,0.0524375,0.0,0.0
72.28260950180305,38.56826128777878,14.560146293065719,0.18,0.0,0.0
74.32805058425312,36.517452738895166,16.172263090907848,0.073125,0.0,0.0
75.21995504444162,35.5406424658221,16.727712996938934,0.2325,0.0,0.0
76.10996208746545,32.242000857696866,19.053393731347867,0.019375,0.0,0.0
73.26025243938155,33.219132951965804,18.255460731131485,0.0,1.875,1.875
76.59100568990289,34.08639112388082,18.367575686112463,0.0,3.0,3.0
82.19581174416012,34.851851653834345,20.396469510119786,0.0,3.0,3.0
57.41216647569334,49.46957066131863,14.473446653266228,0.0,3.0,3.0
30.156088958162037,55.24439476707924,10.604279646255753,0.0,3.0,3.0
27.57729774937083,51.164816801994114,8.91009366666974,0.0,3.0,3.0
23.92397220829688,53.669325636963464,8.19796050766367,0.0,3.625,3.625
22.634576603901273,55.71714045185126,7.30022062108433,0.0,4.0,4.0
18.98125106282732,0.0,0.0,0.0,4.0,4.0
17.15458829229034,3.129572627549847,1.0256850417267391,0.0,4.0,4.0
10.611742008136241,5.550461955088935,1.2291585023979443,0.0,4.0,4.0
10.350306470193523,11.83886868383155,1.6704495763493474,0.0,4.0,4.0
10.350306470193523,11.838526635910045,3.8784600351735237,0.0,2.75,2.75
10.350306470193523,7.6521136591613725,2.067839130780275,0.0,2.0,2.0
10.350306470193523,16.364977647253376,4.5478456246937755,0.0,2.0,2.0
10.350306470193523,46.90315004012,5.622225735437025,0.0,2.0,2.0
18.336058690846233,101.92323236167482,5.143213457500036,0.0,2.0,2.0
23.985174814854993,113.19753812205131,3.6548205830670546,0.0285,2.0,2.0
32.646049987772926,78.47338722971043,5.332798930427078,0.114,1.375,1.375
34.65099513762951,69.32050246183421,6.167231179790556,0.066875,1.0,1.0
33.58480970103814,52.46189743916923,6.539626604165169,0.2295,1.0,1.0
35.84125200873044,50.92726236993229,7.05736015531524,0.0928125,1.0,1.0
24.492573044144226,43.222971251543896,6.4228704152921505,0.29475,1.0,1.0
21.94267721513771,48.372953403664994,4.63784982706305,0.0245625,1.0,1.0
20.376611967860207,52.79515481555918,3.364173802656638,0.0015,1.625,1.625
19.392294451006,53.862533470434,2.4896978216767027,0.006,2.0,2.0
20.503667648639635,58.65400141118366,2.5493801335356747,0.0,2.0,2.0
15.256700318445407,2.5010278041975367,20.32038760517944,0.0,2.0,2.0
13.322606911852002,0.0,0.0,0.0,2.0,2.0
10.611742008136241,3.600010615095103,1.1084402570167096,0.0,2.0,2.0
10.350306470193523,6.833555174148712,1.4609366753748594,0.0,1.375,1.375
10.350306470193523,7.626621045393414,1.300296020005593,0.0,1.0,1.0
10.350306470193523,5.8125982038163,0.7744442283119238,0.0,1.0,1.0
10.350306470193523,12.54253315038131,3.1875127214656622,0.0,1.0,1.0
10.350306470193523,15.55382513874357,3.9334146067373346,0.0,1.0,1.0
10.350306470193523,12.277310797340839,3.2831155538047314,0.0,1.0,1.0
10.350306470193523,17.570873249063062,2.8196054788476754,0.0,1.0,1.0
10.350306470193523,23.047455077415385,7.068950267944756,0.0,1.0,1.0
10.350306470193523,17.823250754610832,5.104266190916611,0.0,1.0,1.0
10.350306470193523,24.162843311493845,5.504790933620807,0.0,1.0,1.0
13.134080232505159,26.368882460014923,5.884821336469748,0.0,1.0,1.0
13.227867469641563,19.122824030586035,4.3010166582167635,0.0474375,1.0,1.0
12.966596974975287,19.69315573946082,4.744748671546117,0.18975,1.625,1.625
12.947009000548336,22.68246408390724,5.087630589434445,0.0158125,2.0,2.0
12.933047904492726,13.892585202636676,1.78336885695619,0.109125,2.0,2.0
12.933047904492726,12.064480597294484,1.8338850884285394,0.4365,2.0,2.0
12.933047904492726,12.07129919799638,2.2794024111699835,0.036375,2.0,2.0
12.933047904492726,8.875694867128024,1.926888789977908,0.1025625,2.0,2.0
12.933047904492726,10.272833412784827,1.8479803028727235,0.445125,3.875,3.875
13.010371562486368,14.756602064738225,2.2156330565475515,0.1736875,5.0,5.0
13.322606911852002,17.123455328774664,2.818360899616837,0.0,5.0,5.0
13.322606911852002,26.083458417504307,4.1430245279644,0.0,5.0,5.0
10.611742008136241,30.414092131880764,3.236026836597967,0.0,5.0,5.0
10.350306470193523,27.33160409656989,3.937311088769289,0.0,5.0,5.0
10.350306470193523,31.33602466189339,3.4498149670905938,0.0,3.75,3.75
10.350306470193523,32.80311681426401,2.85144988264243,0.0,3.0,3.0
10.350306470193523,28.195803922079058,3.6744468730398663,0.0,3.0,3.0
10.350306470193523,34.02520532311899,3.2598616748503773,0.0,3.0,3.0
10.350306470193523,37.647126834074506,2.6530144878832767,0.0,3.0,3.0
10.350306470193523,32.1874886110241,3.451201834745868,0.0,3.0,3.0
10.350306470193523,38.936330639396424,3.0856770107010334,0.0,3.0,3.0
10.350306470193523,43.34640041038902,2.4646207872498596,0.0,3.0,3.0
10.350306470193523,37.85495889491133,3.2285970878034562,0.0,3.0,3.0
10.350306470193523,43.491398866591794,2.9197528327582734,0.0,3.0,3.0
13.134080232505159,46.76600874698922,2.3510589773179493,0.0,3.0,3.0
13.239910145307226,38.99634333184795,3.1432302906827045,0.039375,3.0,3.0
12.975020660632543,37.63875903181829,2.8964966049782643,0.1575,3.0,3.0
12.944357865408891,38.99538102922731,2.337125901441114,0.0905625,3.0,3.0
12.933047904492726,22.733418212058588,3.564984556661323,0.3991875,3.0,3.0
12.933047904492726,21.16001362883768,1.7277165876447034,0.3835625,3.0,3.0
12.933047904492726,22.24708272680944,0.8059463183369144,0.0298125,3.0,3.0
12.933047904492726,16.66267681887591,0.7179864702741745,0.1035,3.0,3.0
12.937377427475402,14.509177294489017,0.7298442180529114,0.414,2.375,2.375
13.085747663864424,18.216146770110395,0.845440542557721,0.0345,2.0,2.0
13.322606911852002,17.64845835564139,0.6943926521390473,0.0,2.0,2.0
13.322606911852002,24.47136140144273,1.6050510958779383,0.0,2.0,2.0
10.611742008136241,31.892491896993928,3.1970318708059104,0.0,2.0,2.0
10.350306470193523,27.80906540331849,2.9713932285992777,0.0,2.0,2.0
10.350306470193523,32.55368031606643,1.9585477577987758,0.0,1.375,1.375
10.350306470193523,36.707919437020124,2.8668132191364077,0.0,1.0,1.0
10.350306470193523,29.87620882160621,2.804446872879786,0.0,1.0,1.0
10.350306470193523,34.3441934770501,1.8691566634259795,0.0,1.0,1.0
13.442889942541491,38.69045696372925,2.833816239888217,0.0,1.0,1.0
13.442889942541491,30.535308999525533,2.8144118456938636,0.0,1.0,1.0
13.442889942541491,35.7519352163305,1.8849398824838568,0.0,1.625,1.625
13.442889942541491,44.19789708200301,2.7820620854209697,0.0,2.0,2.0
13.442889942541491,35.28767114879738,2.7170826028848607,0.0,2.0,2.0
13.442889942541491,81.65299623406283,1.6218884954055963,0.0,2.0,2.0
18.336058690846233,185.8313575119212,0.10542258496157725,0.0,2.0,2.0
37.427287794983336,177.2272808673684,0.3846636661785195,0.0,2.0,2.0
85.44823611653214,125.86270896164389,6.805567834241989,0.0,2.0,2.0
74.71025861993306,106.45340612669027,6.9536769929715705,0.0,2.0,2.0
72.4416776101697,91.43585540469525,6.927013715994155,0.0,2.0,2.0
74.23260971923314,79.23953549885339,7.256260663212981,0.0,2.0,2.0
75.23586185527827,81.55222063096761,7.59998681652295,0.0,2.0,2.0
76.0596104521685,66.98379626229966,7.767441886688955,0.0,2.0,2.0
72.85410389325266,59.79252864365022,7.686619698926469,0.0,2.0,2.0
75.62942357140575,55.46075671329462,8.232027011252258,0.0,2.0,2.0
82.19581174416012,53.5212965656963,9.507530203379794,0.0,2.0,2.0
57.41216647569334,74.37131338468978,8.115742373499089,0.0,2.0,2.0
30.156088958162037,80.55470708921338,6.4703655840375545,0.0,2.0,2.0
27.57729774937083,75.69816354658944,3.97700565679127,0.0,2.0,2.0
23.92397220829688,76.59191498473243,3.0519910004277193,0.0,2.625,2.625
22.634576603901273,77.14688414398147,2.0198277598095493,0.0,3.0,3.0
18.98125106282732,0.0,0.0,0.0,3.0,3.0
17.15458829229034,3.208664380223214,0.8376682350941755,0.0,3.0,3.0
13.70432548048421,10.619503056079479,2.438199323697783,0.0,3.0,3.0
13.442889942541491,14.239106925181494,2.718317493416484,0.0,3.0,3.0
13.442889942541491,12.15290211568923,2.871599432075953,0.0,2.375,2.375
13.442889942541491,17.830334352975584,3.0224388052019893,0.0,2.0,2.0
13.442889942541491,17.686493200881593,2.1417595809451626,0.0,2.0,2.0
13.442889942541491,50.74562113743268,5.056012246628501,0.0,2.0,2.0
18.336058690846233,127.62056151270912,2.191682064389616,0.0,2.0,2.0
37.00167703017412,130.12877522742158,5.45281646227576,0.045,2.0,2.0
83.13963498450015,75.02186946119144,8.765591934213264,0.249375,2.0,2.0
74.21670290839647,53.15769200268303,10.599043923432703,0.2925,2.0,2.0
72.28260950180305,48.24436492632098,11.353376795114379,0.1226875,2.0,2.0
74.21670290839647,34.00424813590238,15.04411076586349,0.39825,2.0,2.0
75.21995504444162,46.072149298089116,11.492254042247115,0.0331875,2.0,2.0
75.82844741389097,38.3155633365591,15.262893674244792,0.1055625,2.0,2.0
72.36054091549121,26.723527706227138,18.871668929160677,0.42225,3.25,3.25
74.40466500938295,33.981211057635214,17.020483217927758,0.0351875,4.0,4.0
82.19581174416012,39.6332779647523,17.458788874733983,0.0,4.0,4.0
57.41216647569334,57.31135279688824,11.6542230365317,0.0,4.0,4.0
30.156088958162037,63.837291867619875,7.6060521688585565,0.0,4.0,4.0
27.57729774937083,59.69731449053031,6.384655203018515,0.0,4.0,4.0
23.92397220829688,60.24247351160762,5.62920556941302,0.0,3.375,3.375
22.634576603901273,60.687434197837845,4.200743826334424,0.0,3.0,3.0
18.98125106282732,0.0,0.0,0.0,3.0,3.0
17.15458829229034,0.0,0.0,0.0,3.0,3.0
13.70432548048421,7.165956468653136,1.7739084083028034,0.0,3.0,3.0
13.442889942541491,8.493841765964289,1.52826286639658,0.0,3.0,3.0
13.442889942541491,7.008505035688238,1.440438360556653,0.0,3.0,3.0
13.442889942541491,15.97189186746005,4.2524704358064485,0.0,3.0,3.0
13.442889942541491,16.161319919069733,2.99747020083598,0.0,3.0,3.0
13.442889942541491,47.021305248958434,5.888765915589702,0.0,3.0,3.0
18.336058690846233,114.49802314345791,3.8426269296441022,0.0,3.0,3.0
37.180549723017094,119.71175111578037,5.891514207149767,0.0283125,3.0,3.0
84.58455587728426,73.37375432348267,11.822423459950453,0.2025,3.0,3.0
74.38846858321408,49.66285091545417,12.79613170772953,0.4774375,3.0,3.0
72.28260950180305,37.25796568549304,16.272079464351688,0.6014375,3.0,3.0
74.21670290839647,31.983740480184697,19.732647493513078,0.682375,3.0,3.0
75.21995504444162,40.09812403367177,19.887629895192223,0.7081875,3.0,3.0
75.82844741389097,25.823511850723676,24.339794300712878,0.6600625,3.0,3.0
72.5423808807636,21.9599491211641,24.42558087419984,0.5086875,3.625,3.625
75.16346249744157,24.435532985807917,21.387806518173534,0.1938125,4.0,4.0
82.19581174416012,31.158040778231225,20.593791149369743,0.0,4.0,4.0
57.41216647569334,49.19607309108814,14.439632596051743,0.0,4.0,4.0
30.156088958162037,56.86321409449808,9.684851516421512,0.0,4.0,4.0
27.57729774937083,54.0503841572881,8.19433245297107,0.0,4.0,4.0
23.92397220829688,54.54568516068156,7.569755631166127,0.0,2.125,2.125
22.634576603901273,54.9426985076454,6.613104022894186,0.0,1.0,1.0
18.98125106282732,0.0,0.0,0.0,1.0,1.0
17.15458829229034,0.0,0.0,0.0,1.0,1.0
13.70432548048421,1.8912698660027618,0.621178083480708,0.0,1.0,1.0
13.442889942541491,6.090868166840515,1.6646569522385601,0.0,1.0,1.0
13.442889942541491,5.325078729065222,1.0097409423333747,0.0,1.625,1.625
13.442889942541491,10.959155807939073,1.4199162031564458,0.0,2.0,2.0
13.442889942541491,11.928602316060394,3.578033312206964,0.0,2.0,2.0
13.442889942541491,36.4837847821688,5.618933061824211,0.0,2.0,2.0
18.336058690846233,108.19135176958794,5.711065130530505,0.0,2.0,2.0
37.027653507504276,111.99504890705668,6.047777696664805,0.0478125,2.0,2.0
83.4938231463781,66.43474266047669,12.52640736423894,0.19125,2.0,2.0
74.31053915122362,54.898113505757365,12.89768462321572,0.0159375,2.0,2.0
72.28260950180305,45.69216105511076,13.970300714116933,0.0,2.0,2.0
74.21670290839647,38.75452462793046,15.484987367180148,0.0,2.0,2.0
75.21995504444162,40.600568942438315,14.791545999433646,0.1239375,2.0,2.0
75.82844741389097,24.406804661733286,23.426436352261838,0.603375,2.0,2.0
72.36054091549121,19.23958295150043,25.234760289826973,0.512875,3.25,3.25
73.88867690231518,21.748900091361985,22.190330817905497,0.200125,4.0,4.0
82.19581174416012,28.113347314981144,21.005139602945025,0.0,4.0,4.0
57.41216647569334,46.027056338644165,15.281967618159449,0.0,4.0,4.0
30.156088958162037,52.465070652024615,10.334399570098055,0.0,4.0,4.0
27.57729774937083,48.772855099449735,8.67799825812724,0.0,4.0,4.0
23.92397220829688,51.271844726775996,8.074090871687547,0.0,4.0,4.0
22.634576603901273,53.015592625884494,7.218052156581199,0.0,4.0,4.0
18.98125106282732,0.0,0.0,0.0,4.0,4.0
17.15458829229034,0.0,0.0,0.0,4.0,4.0
10.611742008136241,7.083716575277789,1.916834273479351,0.0,4.0,4.0
10.350306470193523,8.621972687294836,1.652523527075691,0.0,4.0,4.0
10.350306470193523,6.26863780711216,0.9891077206168891,0.0,3.375,3.375
10.350306470193523,12.14286840781424,2.7732822720661066,0.0,3.0,3.0
10.350306470193523,13.310509999746147,2.77968575102587,0.0,3.0,3.0
10.350306470193523,44.26557223775343,6.34836189731677,0.0,3.0,3.0
18.336058690846233,103.46212800455285,5.330889383842725,0.0,3.0,3.0
23.9496351097286,111.11752185674291,4.132242503922437,0.052875,3.0,3.0
32.5993993033915,71.39425055293472,5.6273626586959,0.3125625,2.375,2.375
34.58649170744172,50.8900592480884,7.648035980241377,0.547125,2.0,2.0
33.58480970103814,42.17148402846255,11.890023882718243,0.6475625,2.0,2.0
35.84125200873044,37.58891208392295,13.83511048210666,0.6284375,2.0,2.0
24.492573044144226,35.54644616922171,12.68389525919632,0.7064375,2.0,2.0
21.913781835353017,29.49070776704194,12.433020318836139,0.5573125,2.0,2.0
20.328014467754564,35.140429686895345,6.066163464116041,0.0426875,4.5,4.5
19.294132192715956,43.44987590622879,3.26746301156299,0.0,6.0,6.0
20.46796163051735,50.78541884352489,3.0953592601586073,0.0,6.0,6.0
15.256700318445407,2.270177288714858,20.882523847256834,0.0,6.0,6.0
13.322606911852002,2.0354102538489425,0.6699126280950939,0.0,6.0,6.0
10.611742008136241,8.066017925232563,1.7080293459815037,0.0,6.0,6.0
10.350306470193523,5.364736189652936,0.9960481247306505,0.0,4.125,4.125
10.350306470193523,9.192655799745136,1.3897310475321722,0.0,3.0,3.0
10.350306470193523,11.580586253270802,2.8165861006055732,0.0,3.0,3.0
10.350306470193523,10.43389752345853,3.70712030468134,0.0,3.0,3.0
10.350306470193523,16.912824052116314,3.765241830025187,0.0,3.0,3.0
10.350306470193523,18.2689708888789,2.6479075826974903,0.0,3.0,3.0
10.350306470193523,15.882103317970088,5.691393117390862,0.0,2.375,2.375
10.350306470193523,22.73881854339334,4.842318365118868,0.0,2.0,2.0
10.350306470193523,22.862389333126767,5.875345608120458,0.0,2.0,2.0
10.350306470193523,22.06596721685683,5.998468060544858,0.0,2.0,2.0
13.134080232505159,28.120526266134878,4.66366889607848,0.0,2.0,2.0
13.236951312131238,26.640859448573877,4.920664660730008,0.0365625,2.0,2.0
12.970926387863646,18.245632538222335,5.187148133440137,0.192875,2.0,2.0
12.935699039632171,17.14450199278379,4.366833850142349,0.2865625,2.0,2.0
12.933047904492726,12.770224442473019,1.8005062850809954,0.35125,2.0,2.0
12.933047904492726,9.134783369404815,2.547886348006237,0.318625,2.0,2.0
12.933047904492726,11.886563589259117,2.450762990090854,0.11325,2.0,2.0
12.933047904492726,8.691883142666331,2.166757145193097,0.354,2.0,2.0
12.94836335948146,9.100057992739444,2.1588463504527806,0.0295,2.625,2.625
13.058060792128046,16.569537920691694,1.9850739849694943,0.0,3.0,3.0
13.31799315187559,17.528903934347422,1.3173661169707904,0.0,3.0,3.0
13.322606911852002,16.93794348160756,1.5680768912981733,0.0,3.0,3.0
10.611742008136241,26.793735274413006,3.7207766789501786,0.0,3.0,3.0
10.350306470193523,26.419208456500943,3.756871655754401,0.0,3.0,3.0
10.350306470193523,23.939848366535077,3.0775527046173305,0.0,2.375,2.375
10.350306470193523,32.453847390051166,3.942006985264599,0.0,2.0,2.0
10.350306470193523,30.34999725517436,3.440762686438949,0.0,2.0,2.0
10.350306470193523,27.785053765112405,2.8228270609213335,0.0,2.0,2.0
13.442889942541491,37.47742171352714,3.6911324889306134,0.0,2.0,2.0
13.442889942541491,35.96758551343257,3.3036746752343626,0.0,2.0,2.0
13.442889942541491,30.88902904832888,2.705814471828235,0.0,1.375,1.375
13.442889942541491,39.95781255160794,3.52865129497202,0.0,1.0,1.0
13.442889942541491,37.98522201864228,3.154430069501428,0.0,1.0,1.0
13.442889942541491,71.77605932279214,1.9158987474429658,0.0,1.0,1.0
18.336058690846233,178.6769522170659,0.09577057022777459,0.0,1.0,1.0
37.10913768677253,175.65384365073766,1.3064043212928858,0.02625,1.0,1.0
83.5516132453816,115.65970083124404,7.038647485307044,0.1236875,0.375,0.375
74.34235277289693,91.20236750153286,7.163576755354747,0.1820625,0.0,0.0
72.28260950180305,73.94260994978819,7.1911532766540285,0.175375,0.0,0.0
74.23260971923314,67.08756980924251,7.5095244023092995,0.06525,0.0,0.0
75.21995504444162,64.1356647177759,7.8515199834169795,0.20625,0.0,0.0
75.9397950897476,52.402138983675776,9.040689650196963,0.0809375,0.0,0.0
72.36054091549121,39.32829788309215,10.068046366858711,0.3015,1.875,1.875
73.4507134133812,38.09089947087557,11.459994269945291,0.20725,3.0,3.0
81.95136663594596,44.97637085325377,12.438481287661217,0.0155,3.0,3.0
57.41216647569334,66.73387188108822,8.3549349198323,0.0,3.0,3.0
30.156088958162037,73.94264659885405,6.6749751310099334,0.0,3.0,3.0
27.57729774937083,69.18337167292734,4.960669420931272,0.0,3.0,3.0
23.92397220829688,69.33292123571682,3.840361075246072,0.0,2.375,2.375
22.634576603901273,69.01242839452136,2.698771320639091,0.0,2.0,2.0
18.98125106282732,0.0,0.0,0.0,2.0,2.0
17.15458829229034,0.0,0.0,0.0,2.0,2.0
13.70432548048421,3.8672273711100935,1.0517214696377881,0.0,2.0,2.0
13.442889942541491,8.128194107599825,1.3760214098072212,0.0,2.0,2.0
13.442889942541491,8.253492580825176,1.1812467195769987,0.0,2.0,2.0
13.442889942541491,11.007812725095063,3.3347714624772946,0.0,2.0,2.0
13.442889942541491,16.877721746774178,3.353737604012896,0.0,2.0,2.0
13.442889942541491,50.612403796328,5.0202736746008725,0.0,2.0,2.0
18.336058690846233,119.33904788900816,2.98788866019201,0.0,2.0,2.0
36.745555156743414,121.8364366737015,5.615232885753599,0.129,2.0,2.0
82.70168024628852,62.290634232494696,10.602310405239466,0.5303125,2.0,2.0
74.21670290839647,46.23542543657707,12.224476551600914,0.31875,2.0,2.0
72.28260950180305,42.13460058324121,12.562645510961092,0.1218125,2.0,2.0
74.21670290839647,31.066984082135033,16.835009231146635,0.39375,2.0,2.0
75.21995504444162,39.53331021746145,13.498818270349014,0.0328125,2.0,2.0
75.82844741389097,29.41760478493223,16.88341909854755,0.111375,2.0,2.0
72.36054091549121,20.441344361417716,22.082282547190925,0.4940625,4.5,4.5
73.51857450000996,22.38656782332802,20.2179835619326,0.231375,6.0,6.0
81.95136663594596,29.294452210142765,19.53549958740099,0.0161875,6.0,6.0
57.41216647569334,47.69812418040349,12.963986340875808,0.0,6.0,6.0
30.156088958162037,54.264756173163384,8.639804271009945,0.0,6.0,6.0
27.57729774937083,50.32426189550648,7.2765719200198085,0.0,6.0,6.0
23.92397220829688,50.14687926059997,6.792150254712162,0.0,3.5,3.5
22.634576603901273,50.4686805875074,5.550263757133283,0.0,2.0,2.0
18.98125106282732,0.0,0.0,0.0,2.0,2.0
17.15458829229034,0.0,0.0,0.0,2.0,2.0
13.70432548048421,0.0,0.0,0.0,2.0,2.0
13.442889942541491,3.647862292838467,1.1522209339818694,0.0,2.0,2.0
13.442889942541491,7.250301034029255,1.5746563391054555,0.0,2.0,2.0
13.442889942541491,8.129418751160285,1.4273592070840966,0.0,2.0,2.0
13.442889942541491,6.14333945264586,0.8630446858710997,0.0,2.0,2.0
13.442889942541491,44.843337043954904,6.51963136073373,0.0,2.0,2.0
18.336058690846233,101.32170817859867,5.545421156817869,0.0,2.0,2.0
36.932812617677094,106.94178873962645,5.963434296268463,0.0628125,2.0,2.0
83.27958703764442,62.84732973311541,12.472056894602245,0.1778125,2.0,2.0
74.34235277289693,51.57897034896532,12.959408437130111,0.0146875,2.0,2.0
72.28260950180305,40.55525203685665,14.112573584373939,0.09,2.0,2.0
74.21670290839647,26.201290720482643,18.847423169413698,0.4963125,2.0,2.0
75.21995504444162,31.271666013636832,21.02570161542139,0.6815625,2.0,2.0
75.82844741389097,16.279988267388568,26.002063803901034,0.4706875,2.0,2.0
72.43847232917938,16.14997587927656,21.92482279207337,0.0868125,3.25,3.25
73.51857450000996,16.766974562289523,22.403072322491788,0.2055,4.0,4.0
81.83650533469725,20.68830783143476,21.287965707248368,0.017125,4.0,4.0
57.41216647569334,38.8792117916445,16.351970954627355,0.0,4.0,4.0
30.156088958162037,43.02494136310071,10.491786254833789,0.0,4.0,4.0
27.57729774937083,39.72661206315626,8.930778546969991,0.0,4.0,4.0
23.92397220829688,42.04526447545052,8.256934565915058,0.0,3.375,3.375
22.634576603901273,43.94812053229686,7.587472223383384,0.0,3.0,3.0
18.98125106282732,0.0,0.0,0.0,3.0,3.0
17.15458829229034,0.0,0.0,0.0,3.0,3.0
13.70432548048421,0.0,0.0,0.0,3.0,3.0
13.442889942541491,6.198523412214662,1.8791810743360515,0.0,3.0,3.0
13.442889942541491,5.30355651585711,1.6721006697487433,0.0,1.125,1.125
13.442889942541491,3.731514789291159,1.04874628778937,0.0,0.0,0.0
13.442889942541491,6.860204463603263,1.4716960583205707,0.0,0.0,0.0
13.442889942541491,33.10035067550171,8.653618813205261,0.0,0.0,0.0
18.336058690846233,92.80301652628279,7.06571893402872,0.0,0.0,0.0
37.054472847185465,101.23853411228176,6.4137938933893865,0.033,0.0,0.0
83.46726348669408,66.4919365583489,12.673647393235411,0.00275,0.625,0.625
74.29039981823662,54.259670994367404,13.3567253871342,0.0,1.0,1.0
72.28260950180305,39.97547260981139,14.88824612782752,0.1235625,1.0,1.0
74.21670290839647,23.582066857097512,20.543061001703812,0.49425,1.0,1.0
75.21995504444162,31.350344857458,19.069183232291017,0.1713125,1.0,1.0
75.82844741389097,16.80678979036216,26.29755937053951,0.5205,1.0,1.0
72.32449345053578,16.079696682293857,22.314695837945887,0.0975625,2.875,2.875
73.01215997306862,16.494346601344084,23.485358343675436,0.21675,4.0,4.0
81.47516853807569,20.925473796228328,21.719840519270768,0.0180625,4.0,4.0
57.41216647569334,39.13049692542149,17.072150090785964,0.0,4.0,4.0
30.156088958162037,43.65738470722697,11.194904974456351,0.0,4.0,4.0
27.57729774937083,40.546442886610414,9.491905907852713,0.0,4.0,4.0
23.92397220829688,42.012530988156904,8.782581413004703,0.0,2.75,2.75
22.634576603901273,43.1389547421966,8.166661139359759,0.0,2.0,2.0
18.98125106282732,0.0,0.0,0.0,2.0,2.0
17.15458829229034,0.0,0.0,0.0,2.0,2.0
13.70432548048421,0.0,0.0,0.0,2.0,2.0
13.442889942541491,0.0,0.0,0.0,2.0,2.0
13.442889942541491,5.283611973427978,1.7905797447967058,0.0,1.375,1.375
13.442889942541491,5.805061683003409,1.6230920431547373,0.0,1.0,1.0
13.442889942541491,4.648209465111472,1.0040486635853278,0.0,1.0,1.0
13.442889942541491,36.11279916507449,8.989336855100058,0.0,1.0,1.0
18.336058690846233,93.07799922384447,7.607465997034495,0.0,1.0,1.0
37.082157223008224,100.68876724391856,6.528179840590457,0.03,1.0,1.0
83.45135667585741,62.576414333325644,12.768551157284676,0.0686875,1.0,1.0
74.26442334090645,38.865315078298075,14.576933081003071,0.3455625,1.0,1.0
72.28260950180305,27.446993731470478,18.398204717326497,0.3453125,1.0,1.0
74.21670290839647,25.305045378976722,18.002841233859694,0.0269375,1.0,1.0
75.21995504444162,32.200722218835246,17.30108918329732,0.0,1.0,1.0
75.82844741389097,23.25862410639238,19.731930693833082,0.0,1.0,1.0
72.37644772632788,18.96390475735496,18.884163196689435,0.057375,2.25,2.25
73.22640152969521,16.296689603523962,21.6979286223419,0.2295,3.0,3.0
81.47516853807569,20.19422040008688,21.6308911857049,0.019125,3.0,3.0
57.41216647569334,37.686892658203305,17.057742881922188,0.0,3.0,3.0
30.156088958162037,41.439826118511036,11.40546590877389,0.0,3.0,3.0
27.57729774937083,37.84807418168736,9.65802488108125,0.0,3.0,3.0
23.92397220829688,40.161174269029516,8.92442655116473,0.0,3.0,3.0
22.634576603901273,42.07282046844313,8.349104122633271,0.0,3.0,3.0
18.98125106282732,0.0,0.0,0.0,3.0,3.0
17.15458829229034,0.0,0.0,0.0,3.0,3.0
10.611742008136241,0.0,0.0,0.0,3.0,3.0
10.350306470193523,3.37687083611347,1.2393635244056702,0.0,3.0,3.0
10.350306470193523,3.8250174297289536,1.151612516318056,0.0,2.375,2.375
10.350306470193523,6.916019150709494,1.6101408877790733,0.0,2.0,2.0
10.350306470193523,7.875130947685562,1.4706438244408038,0.0,2.0,2.0
10.350306470193523,33.12153350365239,7.8763277225251676,0.0,2.0,2.0
18.336058690846233,89.16200679316236,7.311736157365003,0.0,2.0,2.0
23.846328104291835,94.02849903138859,4.852414345717813,0.1505625,2.0,2.0
32.32139057397269,49.479071177129164,7.334448298482797,0.52875,2.0,2.0
34.55185640433484,38.425134720123054,9.06666125029346,0.3905,2.0,2.0
33.58480970103814,32.016202413672005,10.954452874669279,0.35175,2.0,2.0
35.84125200873044,30.705007489458062,8.7661032556302,0.0274375,2.0,2.0
24.492573044144226,32.516290079246176,6.705422569900097,0.0,2.0,2.0
21.913781835353017,30.086534133498034,5.816596882650874,0.0,2.0,2.0
20.315025898806535,30.525390659382712,4.592020303120058,0.0,3.25,3.25
19.18677326783126,32.75586123282174,3.707561711382954,0.0,4.0,4.0
20.43686876705005,37.82193988583674,3.722100221528486,0.0,4.0,4.0
15.256700318445407,1.559578653755663,22.55213468054873,0.0,4.0,4.0
13.322606911852002,0.0,0.0,0.0,4.0,4.0
10.611742008136241,0.0,0.0,0.0,4.0,4.0
10.350306470193523,0.0,0.0,0.0,2.125,2.125
10.350306470193523,0.0,0.0,0.0,1.0,1.0
10.350306470193523,0.0,0.0,0.0,1.0,1.0
10.350306470193523,3.0504450451755782,0.9696581012959217,0.0,1.0,1.0
10.350306470193523,5.743263606511948,1.3612448700278728,0.0,1.0,1.0
10.350306470193523,5.746872584913555,1.2322131855958893,0.0,1.0,1.0
10.350306470193523,5.64535702878668,0.7891027518009689,0.0,2.25,2.25
10.350306470193523,11.728249938272883,1.5863196234010233,0.0,3.0,3.0
10.350306470193523,13.136739909302207,3.7178440619330533,0.0,3.0,3.0
10.350306470193523,9.584504466388626,2.2433253927975088,0.0,3.0,3.0
13.134080232505159,16.22734203984672,3.198368366013338,0.0,3.0,3.0
13.219729300245614,13.132976398633136,2.937868970110762,0.0435,3.0,3.0
12.984239169212305,10.434536330155197,1.8034120650468524,0.003625,4.25,4.25
12.94002845252053,16.650042744740595,2.6055879861339992,0.0,5.0,5.0
12.933047904492726,12.360472427316289,2.606315109771167,0.0976875,5.0,5.0
12.933047904492726,5.04558891102929,0.7220024115848248,0.39075,5.0,5.0
12.933047904492726,5.35883030354195,1.0680047001040638,0.1465625,5.0,5.0
12.933047904492726,3.3356632381640665,1.5811825231466499,0.5715,5.0,5.0
12.933047904492726,1.904632682405797,1.4659239727985582,0.563375,4.375,4.375
12.962268305124905,2.393409671296587,1.704361264519514,0.292,4.0,4.0
13.282571178180646,2.785330694358256,1.3548991519804103,0.021125,4.0,4.0
13.322606911852002,2.6490559869430577,0.622800329108454,0.0,4.0,4.0
10.611742008136241,6.721528425274839,0.7820034667401378,0.0,4.0,4.0
10.350306470193523,8.621231662437031,1.8899259099164536,0.0,4.0,4.0
10.350306470193523,8.050725332347204,2.1846696050374934,0.0,2.75,2.75
10.350306470193523,10.52211288380077,2.2367452194734625,0.0,2.0,2.0
10.350306470193523,10.443919514278557,1.5244918642639562,0.0,2.0,2.0
10.350306470193523,9.451854569762169,1.8262160794317934,0.0,2.0,2.0
13.442889942541491,14.103972693775727,1.8600195185964412,0.0,2.0,2.0
13.442889942541491,12.777863541400757,1.2932791793405018,0.0,2.0,2.0
13.442889942541491,11.324423752569354,1.590858976471057,0.0,2.625,2.625
13.442889942541491,16.994190819388816,1.5985723748618927,0.0,3.0,3.0
13.442889942541491,16.52979569275578,1.0833102207944305,0.0,3.0,3.0
13.442889942541491,49.78272316672586,4.412820918008527,0.0,3.0,3.0
18.336058690846233,131.95080124869594,1.0783056930296668,0.0,3.0,3.0
36.66407097747516,133.1174773304877,4.474432205025946,0.080625,3.0,3.0
83.00844655534183,74.37868058544356,7.435633654587372,0.2245625,3.625,3.625
74.21670290839647,48.42586671696888,7.968951509620102,0.31475,4.0,4.0
72.28260950180305,35.489646381875204,9.79043316646848,0.29975,4.0,4.0
74.21670290839647,35.559670078503544,10.31393260532437,0.023375,4.0,4.0
75.21995504444162,43.93083427780966,9.421686484823608,0.0924375,4.0,4.0
75.82844741389097,22.57717053976638,17.848407947743556,0.4723125,4.0,4.0
72.28260950180305,17.931153962165084,21.735773910767577,0.4410625,5.875,5.875
73.87641001998671,22.953828209379182,16.943461329767164,0.0341875,7.0,7.0
81.85038720626814,26.762231193249725,16.664384838511513,0.0,7.0,7.0
57.41216647569334,46.89923472009547,10.588566229800962,0.0,7.0,7.0
30.156088958162037,51.31074062262757,7.082854566565475,0.0,7.0,7.0
27.57729774937083,47.878562529160384,5.941666743568382,0.0,7.0,7.0
23.92397220829688,47.50594258761534,5.419685834204977,0.0,3.875,3.875
22.634576603901273,46.683284281153554,4.05809844371232,0.0,2.0,2.0
18.98125106282732,0.0,0.0,0.0,2.0,2.0
17.15458829229034,0.0,0.0,0.0,2.0,2.0
13.70432548048421,0.0,0.0,0.0,2.0,2.0
13.442889942541491,0.0,0.0,0.0,2.0,2.0
13.442889942541491,0.0,0.0,0.0,2.0,2.0
13.442889942541491,5.294450761996625,1.4902799003449876,0.0,2.0,2.0
13.442889942541491,5.879247210169246,1.3507584628872855,0.0,2.0,2.0
13.442889942541491,26.702309054024898,6.976719389770877,0.0,2.0,2.0
18.336058690846233,87.63030400894128,5.22168925669084,0.0,2.0,2.0
36.44160462144256,95.90727648674,5.989914196221772,0.069,2.0,2.0
82.99749116341376,57.01970404454751,12.204162442392136,0.00575,2.0,2.0
74.21670290839647,38.883743985320194,13.185018385149357,0.10875,2.0,2.0
72.28260950180305,22.92814826109378,17.825936037594424,0.435,2.0,2.0
74.21670290839647,19.273921530608874,18.591311954028203,0.1699375,2.0,2.0
75.21995504444162,26.289730907868947,20.896200336869377,0.53475,2.0,2.0
75.82844741389097,13.638549318647353,23.849555914657603,0.16175,2.0,2.0
72.28260950180305,10.272354255060042,27.049068082384334,0.537375,3.875,3.875
73.04749266802692,11.280397215635775,26.580955019110434,0.3135625,5.0,5.0
81.36191185901983,13.894616396878199,23.66138691702836,0.022875,5.0,5.0
57.41216647569334,32.118481331051164,17.48533219969221,0.0,5.0,5.0
30.156088958162037,33.94300365652076,10.64600471117513,0.0,5.0,5.0
27.57729774937083,31.679231146570398,8.950040865511248,0.0,5.0,5.0
23.92397220829688,33.42701471687272,8.376082264891576,0.0,3.125,3.125
22.634576603901273,34.29543779112541,7.859418661642134,0.0,2.0,2.0
18.98125106282732,0.0,0.0,0.0,2.0,2.0
17.15458829229034,0.0,0.0,0.0,2.0,2.0
13.70432548048421,0.0,0.0,0.0,2.0,2.0
13.442889942541491,0.0,0.0,0.0,2.0,2.0
13.442889942541491,4.000261238715764,1.2385896195515318,0.0,2.625,2.625
13.442889942541491,4.998005463137171,1.131981811092597,0.0,3.0,3.0
13.442889942541491,10.095017041443214,1.5854931301513604,0.0,3.0,3.0
13.442889942541491,42.85955604960648,8.403911676075994,0.0,3.0,3.0
18.336058690846233,92.02047740805364,7.342331429187377,0.0,3.0,3.0
36.415625667582205,96.12562665989948,6.283865469919175,0.1468125,3.0,3.0
83.20165760565393,51.02067390599621,13.093850984214686,0.409875,3.625,3.625
74.21670290839647,35.85728892274402,15.480847496720658,0.3399375,4.0,4.0
72.28260950180305,34.113532309634614,16.385375522067665,0.0260625,4.0,4.0
74.21670290839647,27.75506429242911,18.075070230976667,0.115875,4.0,4.0
75.21995504444162,30.478231509579643,21.475739394721636,0.595875,4.0,4.0
75.82844741389097,15.379970934809057,27.172394515221335,0.6860625,4.0,4.0
72.30858663969912,11.03466703062641,28.318178570260702,0.5873125,4.0,4.0
73.26173422465351,12.13604573975723,27.848124228152844,0.3250625,4.0,4.0
81.44496498648812,15.353922157730487,24.442710310359193,0.0238125,4.0,4.0
57.41216647569334,34.11090936170691,18.666327517782044,0.0,4.0,4.0
30.156088958162037,38.50647093335771,11.963673265260384,0.0,4.0,4.0
27.57729774937083,36.16928841222721,10.133140630029917,0.0,4.0,4.0
23.92397220829688,38.693434472186524,9.325676554921769,0.0,2.75,2.75
22.634576603901273,40.64558972037072,8.79882916524139,0.0,2.0,2.0
18.98125106282732,0.0,0.0,0.0,2.0,2.0
17.15458829229034,0.0,0.0,0.0,2.0,2.0
13.70432548048421,0.0,0.0,0.0,2.0,2.0
13.442889942541491,0.0,0.0,0.0,2.0,2.0
13.442889942541491,4.0590076042610335,1.2130912296534908,0.0,2.625,2.625
13.442889942541491,8.1248567769015,1.6861028264281739,0.0,3.0,3.0
13.442889942541491,8.452470935850075,1.5562068217817777,0.0,3.0,3.0
13.442889942541491,33.11523659906206,8.138879402542067,0.0,3.0,3.0
18.326830565571978,90.00241881451525,8.025438554075226,0.010125,3.0,3.0
36.37336661559504,94.96444947287124,6.578084020897651,0.06075,3.0,3.0
83.1407539212792,57.417342484036176,12.813268597179022,0.072,3.0,3.0
74.27449300739995,33.18598570210402,15.928126012690134,0.40725,3.0,3.0
72.28260950180305,19.419854993122893,21.66908090441095,0.6714375,3.0,3.0
74.21670290839647,15.904649395623803,22.568977285074848,0.411,3.0,3.0
75.21995504444162,26.190101162610844,22.078263554183046,0.13575,3.0,3.0
75.82844741389097,12.845259076009135,27.42738014911652,0.537375,3.0,3.0
72.28260950180305,8.553630347049383,29.362650806496386,0.498625,3.0,3.0
73.16802081874725,10.362891812373118,24.745132549286957,0.038625,3.0,3.0
81.49107534891235,12.921037555430408,23.694300946936142,0.0,3.0,3.0
57.41216647569334,30.8839699175963,18.980807850764663,0.0,3.0,3.0
30.156088958162037,33.60095321524724,12.400534607279521,0.0,3.0,3.0
27.57729774937083,30.847008961128363,10.614056771434136,0.0,3.0,3.0
23.92397220829688,33.99033973354464,9.71866822873147,0.0,2.375,2.375
22.634576603901273,36.402163632669605,9.190887863410119,0.0,2.0,2.0
18.98125106282732,0.0,0.0,0.0,2.0,2.0
17.15458829229034,0.0,0.0,0.0,2.0,2.0
13.70432548048421,0.0,0.0,0.0,2.0,2.0
13.442889942541491,0.0,0.0,0.0,2.0,2.0
13.442889942541491,0.0,0.0,0.0,2.0,2.0
13.442889942541491,3.4826881850062943,1.197813883936758,0.0,2.0,2.0
13.442889942541491,6.602972477024588,1.6883798281717122,0.0,2.0,2.0
13.442889942541491,31.43010191509611,9.433126713983036,0.0,2.0,2.0
18.326830565571978,78.42306145491997,8.81864503460298,0.0105,2.0,2.0
36.37336661559504,87.37195804080271,7.145233372317309,0.063,2.0,2.0
83.03353730723741,54.501950462992085,13.386687403573635,0.00525,2.625,2.625
74.23260971923314,41.81987432238091,15.471323086543114,0.0,3.0,3.0
72.28260950180305,30.104219846515804,16.946967624160468,0.087375,3.0,3.0
74.21670290839647,18.49968988273628,21.140617662921148,0.3495,3.0,3.0
75.21995504444162,27.260840080236637,19.708158895761457,0.029125,3.0,3.0
75.82844741389097,17.512761991161955,20.970556792877016,0.0,3.0,3.0
72.28260950180305,12.951590285744386,20.6811723982252,0.0759375,3.0,3.0
72.75531969771217,10.862095054044213,25.593497573506014,0.30375,3.0,3.0
80.93855788913737,12.814968822831146,23.99462840365564,0.0253125,3.0,3.0
57.41216647569334,31.526370762252327,18.871338473535594,0.0,3.0,3.0
30.156088958162037,34.047789222009115,12.256006749710972,0.0,3.0,3.0
27.57729774937083,31.288337994767264,10.524866244831134,0.0,3.0,3.0
23.92397220829688,34.131141629721284,9.641886845856671,0.0,2.375,2.375
22.634576603901273,36.147061084895725,9.122540277936103,0.0,2.0,2.0
18.98125106282732,0.0,0.0,0.0,2.0,2.0
17.15458829229034,0.0,0.0,0.0,2.0,2.0
10.611742008136241,0.0,0.0,0.0,2.0,2.0
10.350306470193523,0.0,0.0,0.0,2.0,2.0
10.350306470193523,2.01147845858237,0.6282658425226064,0.0,2.625,2.625
10.350306470193523,6.161205056760778,1.7162523470681414,0.0,3.0,3.0
10.350306470193523,4.934793175333402,1.0562257759636449,0.0,3.0,3.0
10.350306470193523,37.50455922049364,8.917912042919468,0.0,3.0,3.0
18.323473789885515,79.25973769949627,8.296508771771848,0.01175,3.0,3.0
23.723308507170977,88.7627890777443,4.976848922188673,0.0705,3.0,3.0
32.42529648329333,64.43803035403461,7.422561550649855,0.005875,3.625,3.625
34.55185640433484,51.689789835254444,8.052954986325664,0.0815625,4.0,4.0
33.58480970103814,34.351568057887675,8.866891001716754,0.32625,4.0,4.0
35.84125200873044,32.20681923942819,8.820426813118056,0.0271875,4.0,4.0
24.492573044144226,34.0158122260226,6.942514554835233,0.0,4.0,4.0
21.913781835353017,31.941458912597366,6.033179123271522,0.0,4.0,4.0
20.302037329858514,29.947986692154835,4.818472753929926,0.078,4.0,4.0
19.080116577009626,24.40047027273092,4.470528478315664,0.312,4.0,4.0
20.294125339469172,32.366638681262664,4.42240529660525,0.026,4.0,4.0
15.256700318445407,1.3755021699586925,22.842663572344197,0.0,4.0,4.0
13.322606911852002,0.0,0.0,0.0,4.0,4.0
10.611742008136241,0.0,0.0,0.0,4.0,4.0
10.350306470193523,0.0,0.0,0.0,2.75,2.75
10.350306470193523,0.0,0.0,0.0,2.0,2.0
10.350306470193523,5.294220646856426,1.5788330316404926,0.0,2.0,2.0
10.350306470193523,5.918242090751978,1.4101086457957948,0.0,2.0,2.0
10.350306470193523,4.804201794114091,0.8726115361308436,0.0,2.0,2.0
10.350306470193523,8.890222965304018,1.2072749830720335,0.0,2.0,2.0
10.350306470193523,7.7090967112904,1.1187996213715954,0.0,0.75,0.75
10.350306470193523,5.629423472280726,0.6998240594758196,0.0,0.0,0.0
10.350306470193523,9.52247639874942,0.9559382123766824,0.0,0.0,0.0
10.350306470193523,10.769996138018415,2.2197271960511076,0.0,0.0,0.0
13.115885473323324,7.185100486913679,1.5152233900366423,0.013125,0.0,0.0
13.066636733783765,10.633854650323727,1.6904337948568915,0.07875,0.0,0.0
12.963638251893611,8.04139318693078,0.6900840221547742,0.0781875,0.0,0.0
12.933047904492726,3.9758014520628318,0.6319218403294163,0.2865,0.0,0.0
12.933047904492726,5.098409178678713,0.8175124096932567,0.023875,0.0,0.0
12.933047904492726,3.7374268852915775,0.801679596809712,0.0,0.0,0.0
12.933047904492726,2.242920029937964,0.5433370427117349,0.0,0.0,0.0
12.933047904492726,1.9954865217609628,0.5690505349466952,0.12075,0.0,0.0
12.933047904492726,2.169264485338197,1.1776931689133108,0.5630625,1.875,1.875
12.941706950458077,3.4855089485509563,1.7177505416245729,0.3605,3.0,3.0
13.241701169029234,4.134473572020198,1.1259348083129093,0.0266875,3.0,3.0
13.322606911852002,4.130137776650592,0.5747996634554513,0.0,3.0,3.0
10.611742008136241,9.063845370211723,2.007926341984308,0.0,3.0,3.0
10.350306470193523,11.62546656952075,1.790311059321759,0.0,3.0,3.0
10.350306470193523,8.50643878478613,2.0959995470325143,0.0,1.75,1.75
10.350306470193523,12.505203618131853,2.1930878249302697,0.0,1.0,1.0
10.350306470193523,12.618540994683608,1.482739884380338,0.0,1.0,1.0
10.350306470193523,10.264066692846859,1.7859319322780889,0.0,1.0,1.0
13.442889942541491,15.231206493703706,1.7694963512056754,0.0,1.0,1.0
13.442889942541491,13.83053307114132,1.1837776426779463,0.0,1.0,1.0
13.442889942541491,13.159521779804482,1.5334986915872293,0.0,1.625,1.625
13.442889942541491,20.118865153738625,1.4996166176868457,0.0,2.0,2.0
13.442889942541491,18.575966962007012,0.9624216929438455,0.0,2.0,2.0
13.442889942541491,53.16534614824789,4.152606958779873,0.0,2.0,2.0
18.308897297756815,137.48400068806907,0.8299704828539181,0.009375,2.0,2.0
36.13698339888095,138.65888345566532,4.253102120154264,0.05625,2.0,2.0
83.29549583017878,86.78698008582782,7.355062889335718,0.0530625,2.0,2.0
74.21670290839647,56.88294178853992,7.625843467998855,0.1935,2.0,2.0
72.28260950180305,51.332418775711595,8.349065632378435,0.016125,2.0,2.0
74.21670290839647,44.558134368648155,9.571039440514491,0.0,2.0,2.0
75.21995504444162,47.63906693692214,8.787355565477041,0.074625,2.0,2.0
75.82844741389097,22.82194236189926,14.9703448152714,0.2985,2.0,2.0
72.43847232917938,21.801534766249205,14.79801646475038,0.1068125,2.625,2.625
72.44854265623877,18.185096939127057,19.41228693079947,0.32775,3.0,3.0
80.7395083733503,21.76368729019314,17.38702291587678,0.0273125,3.0,3.0
57.41216647569334,44.21057492644206,10.215519353139006,0.0,3.0,3.0
30.156088958162037,49.71306027390662,7.028614897508273,0.0,3.0,3.0
27.57729774937083,46.22171573578785,5.882971069965544,0.0,3.0,3.0
23.92397220829688,48.21093685866116,5.121354781251362,0.0,2.375,2.375
22.634576603901273,49.50519906894271,3.8002495475976303,0.0,2.0,2.0
18.98125106282732,0.0,0.0,0.0,2.0,2.0
17.15458829229034,0.0,0.0,0.0,2.0,2.0
13.70432548048421,0.0,0.0,0.0,2.0,2.0
13.442889942541491,1.8082380967910137,0.5484523128529872,0.0,2.0,2.0
13.442889942541491,5.486620592197414,1.4797875833767316,0.0,2.0,2.0
13.442889942541491,4.629484003107548,0.9181180527129975,0.0,2.0,2.0
13.442889942541491,8.511120662763023,1.2815035192123858,0.0,2.0,2.0
13.442889942541491,38.70056693140558,6.173921538391317,0.0,2.0,2.0
18.336058690846233,93.7272467209863,4.494569689869189,0.0,2.0,2.0
37.043541776479,105.19265581599927,5.921915822777374,0.0,2.0,2.0
83.53512391275696,65.38170116463859,11.872941544992992,0.0,2.0,2.0
74.36832925022709,50.89789096772436,12.567478277232595,0.0,2.0,2.0
72.28260950180305,41.9663177635147,13.530172512278034,0.0,2.0,2.0
74.21670290839647,35.964815106021405,15.03993952875872,0.0,2.0,2.0
75.21995504444162,40.97995369178837,14.120687122561897,0.0,2.0,2.0
75.82844741389097,32.852746635101724,17.106435535605698,0.0,2.0,2.0
72.49626308874876,29.321109748757706,17.6331954622486,0.0,2.625,2.625
73.42707280374938,29.10614394984701,17.948247277257096,0.0,3.0,3.0
81.65407739974398,28.93761549853901,19.40044235058742,0.0,3.0,3.0
57.41216647569334,44.99196912861657,13.407020317250828,0.0,3.0,3.0
30.156088958162037,49.99688554142528,9.120581031315393,0.0,3.0,3.0
27.57729774937083,45.62547490362318,7.742171295947391,0.0,3.0,3.0
23.92397220829688,46.812835687572566,7.2839821606166115,0.0,2.375,2.375
22.634576603901273,47.8421556718221,6.191572188249913,0.0,2.0,2.0
18.98125106282732,0.0,0.0,0.0,2.0,2.0
17.15458829229034,0.0,0.0,0.0,2.0,2.0
13.70432548048421,0.0,0.0,0.0,2.0,2.0
13.442889942541491,1.9211470810362223,0.5962087999717474,0.0,2.0,2.0
13.442889942541491,5.69250332179612,1.6200126781065225,0.0,2.0,2.0
13.442889942541491,4.686104935026501,1.0120595300724078,0.0,2.0,2.0
13.442889942541491,8.524063261144057,1.422912938843849,0.0,2.0,2.0
13.442889942541491,37.31025485871436,7.422943373863736,0.0,2.0,2.0
18.281782001242956,89.84458605429093,6.261824069625019,0.024125,2.0,2.0
35.85659294661269,94.5167938444876,6.020935932103626,0.14475,2.0,2.0
82.79974901126599,56.29866885306426,12.463261350179161,0.1255,2.625,2.625
74.21670290839647,29.302141794038448,16.42555777983544,0.45375,3.0,3.0
72.28260950180305,28.891431241103167,16.13890089924372,0.0378125,3.0,3.0
74.21670290839647,23.899408443389273,18.16872336231863,0.1396875,3.0,3.0
75.21995504444162,26.30152536485288,21.577920044685065,0.55875,3.0,3.0
75.82844741389097,17.69130605514074,21.95423769960015,0.0465625,3.0,3.0
72.28260950180305,16.980908858554564,18.961733066522548,0.0,3.0,3.0
72.84332077789381,18.79719030136507,18.83782857238487,0.0,3.0,3.0
81.17788474976662,21.288615670891737,21.037160638827483,0.0,3.0,3.0
57.41216647569334,39.19635688831604,16.45586886353926,0.0,3.0,3.0
30.156088958162037,43.47543122204447,10.70888732046449,0.0,3.0,3.0
27.57729774937083,40.06250328321175,9.135547861584552,0.0,3.0,3.0
23.92397220829688,42.73583031230107,8.453754757981512,0.0,3.0,3.0
22.634576603901273,44.787903784334844,7.746875424265403,0.0,3.0,3.0
18.98125106282732,0.0,0.0,0.0,3.0,3.0
17.15458829229034,0.0,0.0,0.0,3.0,3.0
13.70432548048421,0.0,0.0,0.0,3.0,3.0
13.442889942541491,3.696188911679219,1.258913930322503,0.0,3.0,3.0
13.442889942541491,7.5652249555797635,1.7280144799923263,0.0,3.0,3.0
13.442889942541491,8.575958584810973,1.5685279880433993,0.0,3.0,3.0
13.442889942541491,6.511782403928152,0.9530207369575326,0.0,3.0,3.0
13.442889942541491,45.17658716303852,7.9078144556227885,0.0,3.0,3.0
18.29966917248256,97.28001440745271,6.794583784303674,0.014875,3.0,3.0
36.13211603572731,99.3566698349873,6.1349781139905195,0.1531875,3.0,3.0
83.18151827266695,54.83580881308185,12.727850502337382,0.3303125,3.0,3.0
74.21670290839647,36.29426199210952,14.787813869362225,0.392,3.0,3.0
72.28260950180305,26.64756883268881,19.233490726306634,0.5455,3.0,3.0
74.21670290839647,21.458714987693106,21.9132827253548,0.588125,3.0,3.0
75.21995504444162,29.788051836947634,22.482344243668702,0.52675,3.0,3.0
75.82844741389097,15.431322879020692,26.37915370811033,0.552125,3.0,3.0
72.28260950180305,11.615631771357629,27.312935909585022,0.475875,3.625,3.625
72.89527373255413,14.975063472246918,22.700509539965392,0.0368125,4.0,4.0
81.260932429342,17.73212054754258,22.348087918801088,0.0,4.0,4.0
57.41216647569334,36.21009104415979,17.830441755273764,0.0,4.0,4.0
30.156088958162037,40.08594191131363,11.657096269482917,0.0,4.0,4.0
27.57729774937083,37.047518684064215,9.862334607840952,0.0,4.0,4.0
23.92397220829688,39.03683355630173,9.102791297061525,0.0,2.75,2.75
22.634576603901273,40.696873388860745,8.544227640144136,0.0,2.0,2.0
18.98125106282732,0.0,0.0,0.0,2.0,2.0
17.15458829229034,0.0,0.0,0.0,2.0,2.0
13.70432548048421,0.0,0.0,0.0,2.0,2.0
13.442889942541491,0.0,0.0,0.0,2.0,2.0
13.442889942541491,3.9342007867598157,1.2132128566887632,0.0,2.625,2.625
13.442889942541491,7.959282436243859,1.6821719993357576,0.0,3.0,3.0
13.442889942541491,8.234239787547287,1.5505255796370643,0.0,3.0,3.0
13.442889942541491,32.44375219597512,8.095205567842925,0.0,3.0,3.0
18.220165958938683,87.96424891932715,7.846873747304121,0.032625,3.0,3.0
35.50644159163531,87.62539812700697,6.563303479696523,0.19575,3.0,3.0
82.76370286744233,50.27907384225664,13.07185096365694,0.124875,3.0,3.0
74.21670290839647,24.58141498272726,19.568692584099818,0.43425,3.0,3.0
72.28260950180305,23.323899688655587,17.80771330528163,0.0361875,3.0,3.0
74.21670290839647,20.439312472403582,18.17642014509934,0.0,3.0,3.0
75.21995504444162,27.769544731259,18.43892767637471,0.0,3.0,3.0
75.82844741389097,17.741317515067657,20.610315022881608,0.0,3.0,3.0
72.29267982886245,14.04657917219787,19.515526638736045,0.0,3.0,3.0
72.63461646479325,14.016371745564461,19.816704309168713,0.0,3.0,3.0
80.08713914137698,13.059859752176923,23.398408192454767,0.0,3.0,3.0
57.41216647569334,31.98993642953203,18.17886372265631,0.0,3.0,3.0
30.156088958162037,34.11812335751532,11.930748193614042,0.0,3.0,3.0
27.57729774937083,31.297024317965136,10.092511787112818,0.0,3.0,3.0
23.92397220829688,33.84763292909661,9.306362886069735,0.0,2.375,2.375
22.634576603901273,35.954949970158076,8.789806284871267,0.0,2.0,2.0
18.98125106282732,0.0,0.0,0.0,2.0,2.0
17.15458829229034,0.0,0.0,0.0,2.0,2.0
10.611742008136241,0.0,0.0,0.0,2.0,2.0
10.350306470193523,0.0,0.0,0.0,2.0,2.0
10.350306470193523,0.0,0.0,0.0,0.75,0.75
10.350306470193523,0.0,0.0,0.0,0.0,0.0
10.350306470193523,3.5143006570955295,1.0327885305919584,0.0,0.0,0.0
10.350306470193523,21.144678814698743,9.381372827856405,0.0,0.0,0.0
18.23165104378411,73.70473544297603,8.405135696488808,0.02975,0.0,0.0
23.458482757086692,75.72716775052925,5.489982331021786,0.1785,0.0,0.0
32.402676561461,56.52011179816889,7.556232931384678,0.014875,1.25,1.25
34.55185640433484,47.70049909384171,8.11912230341935,0.0,2.0,2.0
33.58480970103814,38.534179843354785,8.282706700426663,0.0,2.0,2.0
35.84125200873044,28.219398455566246,9.559345980096941,0.13875,2.0,2.0
24.492573044144226,19.132537587838563,13.020067526563626,0.555,2.0,2.0
21.913781835353017,18.732332985759335,8.512622144996302,0.04625,2.0,2.0
20.303715717701742,22.89597108963274,5.307958882640472,0.0,2.625,2.625
19.114752430588087,26.95451092792692,4.275650896937349,0.0,3.0,3.0
20.33401314957405,30.904883154221764,4.2542985324808695,0.0,3.0,3.0
15.256700318445407,1.3219158954657544,23.067942634882016,0.0,3.0,3.0
13.322606911852002,0.0,0.0,0.0,3.0,3.0
10.611742008136241,0.0,0.0,0.0,3.0,3.0
10.350306470193523,0.0,0.0,0.0,2.375,2.375
10.350306470193523,0.0,0.0,0.0,2.0,2.0
10.350306470193523,0.0,0.0,0.0,2.0,2.0
10.350306470193523,0.0,0.0,0.0,2.0,2.0
10.350306470193523,4.760244418663902,1.4808712922241294,0.0,2.0,2.0
10.350306470193523,4.898844557883351,1.3607534810563866,0.0,2.0,2.0
10.350306470193523,3.4724875756447022,0.8667569165770437,0.0,1.375,1.375
10.350306470193523,5.884644731968547,1.2401139410959054,0.0,1.0,1.0
10.350306470193523,5.684121790721396,1.127792957448471,0.0,1.0,1.0
10.350306470193523,4.451191032760586,0.7014659671583212,0.0,1.0,1.0
13.097224226284387,8.196660923998081,1.078190991384954,0.01725,1.0,1.0
13.028076949516553,6.845419092340789,1.0180735170048156,0.156375,1.0,1.0
12.93993930684315,3.598510957537651,0.7073312530867861,0.2900625,1.625,1.625
12.933047904492726,4.943040783434238,1.3383261933069182,0.297375,2.0,2.0
12.933047904492726,3.647502249402386,1.2301539725976147,0.1159375,2.0,2.0
12.933047904492726,1.747207791283447,1.10985951645528,0.3705,2.0,2.0
12.933047904492726,0.0,0.0,0.1360625,2.0,2.0
12.933047904492726,0.0,0.0,0.42075,2.0,2.0
12.935610004049105,1.5923660459722309,1.0781130368084637,0.0350625,2.625,2.625
12.968852229627416,2.287104093277539,0.8687722760343927,0.0,3.0,3.0
13.266055412163473,6.363219942813431,1.0856770619593084,0.0,3.0,3.0
13.322606911852002,7.528955906269925,0.8945075789018839,0.0,3.0,3.0
10.611742008136241,10.469741207080354,2.503536489655245,0.0,3.0,3.0
10.350306470193523,17.11473075079675,2.61822015703025,0.0,3.0,3.0
10.350306470193523,16.451184727368616,1.7932871156559915,0.0,2.375,2.375
10.350306470193523,12.882638930002745,2.120840052843892,0.0,2.0,2.0
10.350306470193523,19.19462584806538,2.082877725421137,0.0,2.0,2.0
10.350306470193523,18.40801028169177,1.3804206111481825,0.0,2.0,2.0
13.442889942541491,15.892030775661233,1.7640269007879092,0.0,2.0,2.0
13.442889942541491,21.245040833724484,1.7395589993890699,0.0,2.0,2.0
13.442889942541491,20.3945204614936,1.1625939395661298,0.0,2.0,2.0
13.442889942541491,19.658924839051295,3.2757360245766605,0.0,2.0,2.0
13.442889942541491,28.37691972757339,4.571154684738394,0.0,2.0,2.0
13.442889942541491,67.45143898170522,3.7818362968978083,0.0,2.0,2.0
18.29101012651721,148.34414832100563,0.6516483148156694,0.0286875,2.0,2.0
35.80293390942408,141.83096878296843,4.035869395500584,0.2191875,2.0,2.0
82.67570376895836,76.17724210022315,7.741710121287271,0.5649375,2.0,2.0
74.21670290839647,47.29208050511004,10.361592313117347,0.6741875,2.0,2.0
72.28260950180305,38.12310058566521,11.949131288556448,0.500375,2.0,2.0
74.21670290839647,31.417466695697446,13.980729393637612,0.425625,2.0,2.0
75.21995504444162,40.243756064438685,10.449424787037849,0.1455,2.0,2.0
75.82844741389097,22.80394118900413,18.182342441360817,0.45,2.0,2.0
72.28260950180305,22.19269144208517,15.963124483230024,0.0375,2.625,2.625
72.67226657024385,25.426147070046,15.485511978147738,0.0,3.0,3.0
80.86778745894003,26.94529841433686,16.13738976518688,0.0,3.0,3.0
57.41216647569334,47.822402205880955,10.440554526828825,0.0,3.0,3.0
30.156088958162037,53.18698932518453,7.0037565389202925,0.0,3.0,3.0
27.57729774937083,49.07721582352447,5.87449426647139,0.0,3.0,3.0
23.92397220829688,50.69115543400556,5.126050157283973,0.0,2.375,2.375
22.634576603901273,51.87655372130482,3.8071342562983044,0.0,2.0,2.0
18.98125106282732,0.0,0.0,0.0,2.0,2.0
17.15458829229034,0.0,0.0,0.0,2.0,2.0
13.70432548048421,0.0,0.0,0.0,2.0,2.0
13.442889942541491,3.4378694766698192,1.0844338498913317,0.0,2.0,2.0
13.442889942541491,6.6008025929467475,1.479167995656512,0.0,1.375,1.375
13.442889942541491,6.546719378965944,1.3127187741258823,0.0,1.0,1.0
13.442889942541491,5.6258548303345135,0.8326210909419458,0.0,1.0,1.0
13.442889942541491,40.49587690691841,6.481055258091619,0.0,1.0,1.0
18.25311855313043,100.62460484508954,4.331446718600796,0.027,1.0,1.0
35.76397182925258,104.21073168553337,5.932625215632236,0.108,1.0,1.0
82.98742149692025,66.60578425173138,12.089978027815683,0.009,1.625,1.625
74.21670290839647,52.351056224916555,12.516475055787913,0.0,2.0,2.0
72.28260950180305,38.528779438426355,13.490327468694199,0.0905625,2.0,2.0
74.21670290839647,22.958014122889907,18.53042169148763,0.36225,2.0,2.0
75.21995504444162,31.44029796206326,15.96350538571606,0.1329375,2.0,2.0
75.82844741389097,16.0606055972314,24.640940173511954,0.5206875,2.0,2.0
72.28260950180305,11.364321608100683,26.6447490430848,0.473,2.625,2.625
72.85922626759869,15.806690791713311,20.670509919423797,0.0365625,3.0,3.0
81.17788474976662,19.234012691478984,20.717129627577382,0.0,3.0,3.0
57.41216647569334,38.24220347831577,15.739726885279994,0.0,3.0,3.0
30.156088958162037,43.35967944453525,9.726470257196844,0.0,3.0,3.0
27.57729774937083,40.17939153713017,8.37660567440475,0.0,3.0,3.0
23.92397220829688,42.359858596654526,7.770468791334305,0.0,2.375,2.375
22.634576603901273,43.945309080031514,6.940715447188351,0.0,2.0,2.0
18.98125106282732,0.0,0.0,0.0,2.0,2.0
17.15458829229034,0.0,0.0,0.0,2.0,2.0
13.70432548048421,0.0,0.0,0.0,2.0,2.0
13.442889942541491,0.0,0.0,0.0,2.0,2.0
13.442889942541491,3.4911845894072613,1.135317565941444,0.0,2.0,2.0
13.442889942541491,4.06663079802142,1.0678860716959473,0.0,2.0,2.0
13.442889942541491,7.22571612681903,1.5031640004857068,0.0,2.0,2.0
13.442889942541491,33.4112558187061,8.38477533414828,0.0,2.0,2.0
18.29966917248256,83.37922909237231,7.11254301060728,0.0136875,2.0,2.0
35.93239727581742,91.37661046106932,6.0741621340068574,0.080625,2.0,2.0
82.8416322994328,49.90532396797895,12.852944828344597,0.142,2.625,2.625
74.21670290839647,32.82580594509488,14.759797616842539,0.1843125,3.0,3.0
72.28260950180305,23.577877491567225,17.169352276242126,0.2155,3.0,3.0
74.21670290839647,19.441270290273263,19.36105826228342,0.1910625,3.0,3.0
75.21995504444162,30.91486606838717,17.639378163669996,0.06525,3.0,3.0
75.82844741389097,19.390582793827235,21.669647383947947,0.20175,3.0,3.0
72.46444946707544,19.045213469488843,18.989298826789476,0.0828125,3.625,3.625
72.51056725909027,16.744772176668985,21.950054679635567,0.264,4.0,4.0
80.84311702411738,20.08467056836966,21.889200916706415,0.022,4.0,4.0
57.41216647569334,38.84006633394259,17.059643664401356,0.0,4.0,4.0
30.156088958162037,43.224657034797666,11.133269171608271,0.0,4.0,4.0
27.57729774937083,39.92043394745307,9.447432743047655,0.0,4.0,4.0
23.92397220829688,42.317419802827835,8.747818410483664,0.0,4.0,4.0
22.634576603901273,44.11355869575242,8.104019392706887,0.0,4.0,4.0
18.98125106282732,0.0,0.0,0.0,4.0,4.0
17.15458829229034,0.0,0.0,0.0,4.0,4.0
13.70432548048421,0.0,0.0,0.0,4.0,4.0
13.442889942541491,3.800123533778494,1.2715552699157542,0.0,4.0,4.0
13.442889942541491,5.87155271278743,1.7671836308243523,0.0,2.125,2.125
13.442889942541491,5.202479285410136,1.6188189273081635,0.0,1.0,1.0
13.442889942541491,4.377808383572658,1.023586641078378,0.0,1.0,1.0
13.442889942541491,34.47747764053188,8.924316844453111,0.0,1.0,1.0
18.267695045259135,88.09848758202169,7.57486985756384,0.0305625,1.0,1.0
35.81300357591758,91.45979667947464,6.408286372509499,0.178875,1.0,1.0
82.75363320094884,46.4436203529343,13.595016463526262,0.376,1.625,1.625
74.21670290839647,24.773489916433657,21.48585832709535,0.6629375,2.0,2.0
72.28260950180305,18.767740469510947,21.983804390715246,0.3936875,2.0,2.0
74.21670290839647,16.87268670085128,20.532276091468017,0.1328125,2.0,2.0
75.21995504444162,24.589352339027872,23.29320943505918,0.4155,2.0,2.0
75.82844741389097,14.096051833485042,24.823036214269703,0.1510625,2.0,2.0
72.28260950180305,9.412113410010779,27.627204507385244,0.46575,2.625,2.625
72.64205558906569,12.15168202304509,23.345403585030212,0.0388125,3.0,3.0
81.01488269893501,14.795758723382052,22.81985588459946,0.0,3.0,3.0
57.41216647569334,32.91943230296562,18.486290722216253,0.0,3.0,3.0
30.156088958162037,36.12866667926811,12.071090379770157,0.0,3.0,3.0
27.57729774937083,33.082825645776566,10.31110139731904,0.0,3.0,3.0
23.92397220829688,35.171435522924725,9.4566898515478,0.0,1.75,1.75
22.634576603901273,37.25822804149952,8.957760451477467,0.0,1.0,1.0
18.98125106282732,0.0,0.0,0.0,1.0,1.0
17.15458829229034,0.0,0.0,0.0,1.0,1.0
13.70432548048421,0.0,0.0,0.0,1.0,1.0
13.442889942541491,0.0,0.0,0.0,1.0,1.0
13.442889942541491,0.0,0.0,0.0,0.375,0.375
13.442889942541491,2.10888879953905,0.5733472284192029,0.0,0.0,0.0
13.442889942541491,5.9171367724122375,1.5744077525780484,0.0,0.0,0.0
13.442889942541491,24.798106886125996,9.48378448157106,0.0,0.0,0.0
18.2434008917113,85.72092663418353,8.536585477002228,0.0298125,0.0,0.0
35.76927409953147,89.79354368526607,7.324390779161252,0.11925,0.0,0.0
82.75363320094884,56.66337038151433,13.188840567494616,0.0099375,1.25,1.25
74.21670290839647,43.45053662069904,14.91022279744563,0.0,2.0,2.0
72.28260950180305,32.842093540949186,16.400860691640304,0.0,2.0,2.0
74.21670290839647,23.496748839493925,18.491627431394722,0.0988125,2.0,2.0
75.21995504444162,26.194652823572863,22.224037595550232,0.499125,2.0,2.0
75.82844741389097,12.77354799036709,27.152865930578745,0.4484375,2.0,2.0
72.28260950180305,11.27015886971482,23.75682872810304,0.134,3.875,3.875
72.40665870750605,10.657109002325164,27.56622019763807,0.3975,5.0,5.0
80.09225738896188,12.72635338820794,25.568946313212038,0.033125,5.0,5.0
57.41216647569334,31.847716252465776,19.153939412962323,0.0,5.0,5.0
30.156088958162037,35.295646049753,12.400749666777278,0.0,5.0,5.0
27.57729774937083,32.62344954331302,10.599592923327533,0.0,5.0,5.0
23.92397220829688,33.84812953686877,9.716224199413018,0.0,2.5,2.5
22.634576603901273,35.06398012744898,9.190405775777068,0.0,1.0,1.0
18.98125106282732,0.0,0.0,0.0,1.0,1.0
17.15458829229034,0.0,0.0,0.0,1.0,1.0
10.611742008136241,0.0,0.0,0.0,1.0,1.0
10.350306470193523,0.0,0.0,0.0,1.0,1.0
10.350306470193523,0.0,0.0,0.0,0.375,0.375
10.350306470193523,0.0,0.0,0.0,0.0,0.0
10.350306470193523,5.807169824054218,1.6105228850220146,0.0,0.0,0.0
10.350306470193523,28.16680791233189,9.917228926979865,0.0,0.0,0.0
18.2285901657774,73.73910465710607,8.806692165410473,0.0350625,0.0,0.0
23.502085654158215,76.78148116370923,5.711695817387666,0.2655,0.0,0.0
32.29541409664253,39.858646502505025,10.364530274885073,0.652375,1.875,1.875
34.55185640433484,28.620966081182257,14.948152597157517,0.6948125,3.0,3.0
33.58480970103814,24.38122358356773,13.635709861457878,0.4238125,3.0,3.0
35.84125200873044,22.43576360519094,11.249522932505746,0.1439375,3.0,3.0
24.492573044144226,22.070080655869326,12.918034902149087,0.45,3.0,3.0
21.913781835353017,20.82566193680076,8.300964643741803,0.0375,3.0,3.0
20.302037329858514,23.980318249168583,5.88374245979708,0.0,3.625,3.625
19.05664259583668,27.675032504072792,4.821801620187085,0.0,4.0,4.0
20.28233026776962,33.29555806815641,4.747885862278866,0.0,4.0,4.0
15.256700318445407,1.521522017296567,23.22003528448484,0.0,4.0,4.0
13.322606911852002,0.0,0.0,0.0,4.0,4.0
10.611742008136241,0.0,0.0,0.0,4.0,4.0
10.350306470193523,0.0,0.0,0.0,2.75,2.75
10.350306470193523,0.0,0.0,0.0,2.0,2.0
10.350306470193523,5.340440213979726,1.5971372663290286,0.0,2.0,2.0
10.350306470193523,5.871202610467348,1.4471798757608318,0.0,2.0,2.0
10.350306470193523,4.40127357001295,0.8953568448924167,0.0,2.0,2.0
10.350306470193523,8.14700579093055,1.2794334809132157,0.0,2.0,2.0
10.350306470193523,7.524778003115378,1.1493980612283625,0.0,2.0,2.0
10.350306470193523,5.8105520838581555,0.7074344780214258,0.0,2.0,2.0
10.350306470193523,10.464968974502813,1.325065685683479,0.0,2.0,2.0
10.350306470193523,12.721043313367334,3.8483840767219055,0.0,2.0,2.0
13.059902034867232,7.889143836734347,2.3481585315698776,0.0433125,2.0,2.0
12.966596974975287,10.980608843043443,2.6789127769474157,0.17325,2.0,2.0
12.946036143157807,7.403887939591213,0.8053026037552097,0.0144375,2.0,2.0
12.933047904492726,4.559711580146432,0.5362923846705129,0.114375,2.0,2.0
12.933047904492726,3.9162079560404477,1.4592840171163006,0.4575,2.0,2.0
12.933047904492726,0.7130655817137493,0.4956397492074328,0.038125,2.0,2.0
12.933047904492726,0.0,0.0,0.0,2.0,2.0
12.933047904492726,0.0,0.0,0.0,2.0,2.0
12.933047904492726,1.7462958446267118,0.7629021883661815,0.102,3.875,3.875
12.933047904492726,3.2477757256088915,1.5661304670062584,0.408,5.0,5.0
13.18284552892706,3.597249218343806,1.2993135228691177,0.034,5.0,5.0
13.322606911852002,3.878561466331022,0.6569485665391641,0.0,5.0,5.0
10.611742008136241,9.710280208124459,1.4818023390773296,0.0,5.0,5.0
10.350306470193523,10.356480875187845,2.4160932962321704,0.0,5.0,5.0
10.350306470193523,7.30536638321577,1.533968127365421,0.0,3.125,3.125
10.350306470193523,12.213384933835515,2.3504546541984874,0.0,2.0,2.0
10.350306470193523,11.763979780580133,2.1314013008416763,0.0,2.0,2.0
10.350306470193523,8.51852513217788,1.2929146079976148,0.0,2.0,2.0
10.350306470193523,14.76688738974686,1.804325856720836,0.0,2.0,2.0
10.350306470193523,13.360824122742878,1.626897065438464,0.0,2.0,2.0
10.350306470193523,9.583987376393704,1.0372878467537563,0.0,1.375,1.375
10.350306470193523,16.0670138334441,1.4954013902801075,0.0,1.0,1.0
10.350306470193523,16.46770856163861,1.4197128556865057,0.0,1.0,1.0
10.350306470193523,12.357180715855115,0.8579083071658747,0.0,1.0,1.0
13.062553170006675,20.248457989848063,1.2830528052039767,0.038625,1.0,1.0
12.990004143342881,16.11128310162003,1.2190546202098202,0.1545,1.0,1.0
12.941706730269447,13.179125252158292,0.8671339942022199,0.0981875,1.625,1.625
12.933047904492726,11.957044722018736,1.6491582280187689,0.4411875,2.0,2.0
12.933047904492726,8.060713181819722,2.3820445765400424,0.4281875,2.0,2.0
12.933047904492726,3.137713496239017,0.25670194693931286,0.1521875,2.0,2.0
12.933047904492726,3.9284981299152752,0.8619778320999578,0.4755,2.0,2.0
12.933047904492726,3.1654458876057605,0.73289232734522,0.039625,2.0,2.0
12.933047904492726,2.296164890475536,0.3468815053147701,0.1033125,3.25,3.25
12.937377427475402,5.934786801407134,1.7676817657800206,0.41325,4.0,4.0
13.215682162211449,6.859706085715422,1.7413360297039198,0.0344375,4.0,4.0
13.322606911852002,8.882364231576807,1.6188791234026092,0.0,4.0,4.0
10.611742008136241,15.213854914484338,1.3716615929780949,0.0,4.0,4.0
10.350306470193523,15.469482220111221,0.8146649021146856,0.0,4.0,4.0
10.350306470193523,14.906603423480925,1.0730056334549867,0.0,3.375,3.375
10.350306470193523,21.334118505631764,1.0418146725707835,0.0,3.0,3.0
10.350306470193523,19.902555067375474,0.655275530098483,0.0,3.0,3.0
10.350306470193523,19.01690959985703,0.9633043093695015,0.0,3.0,3.0
13.442889942541491,25.92885505713429,0.9626161372210411,0.0,3.0,3.0
13.442889942541491,26.93244197264738,2.161571559095788,0.0,3.0,3.0
13.442889942541491,21.16954735710807,0.917463828552491,0.0,1.125,1.125
13.442889942541491,24.56146885560646,0.9278092523463528,0.0,0.0,0.0
13.442889942541491,23.080150617944803,0.589000685649485,0.0,0.0,0.0
13.442889942541491,62.4362961938318,3.2240144188569224,0.0,0.0,0.0
18.21243988868753,158.78358775709972,0.260507702156887,0.0345,0.0,0.0
35.6161407282961,153.65283817233214,2.8124302316291994,0.138,0.0,0.0
82.75363320094884,101.73198256601422,7.253575600183986,0.0115,0.0,0.0
74.21670290839647,79.78066729164281,7.372135186660071,0.0,0.0,0.0
72.28260950180305,58.60606390298344,7.356665030410578,0.0965625,0.0,0.0
74.21670290839647,35.202832335155904,10.429306376751896,0.48975,0.0,0.0
75.21995504444162,39.32827530322799,12.180585391558948,0.5549375,0.0,0.0
75.82844741389097,16.88854154929566,18.72565966940826,0.5844375,0.0,0.0
72.28260950180305,14.780037031871572,23.85347631076637,0.600625,2.5,2.5
72.36054091549121,15.384015465788181,24.795674523230385,0.4568125,4.0,4.0
80.27116625063016,18.548284976307205,19.37480405481548,0.034875,4.0,4.0
57.41216647569334,42.16112993997815,9.14849695577902,0.0,4.0,4.0
30.156088958162037,49.608575213479654,6.9694095818197725,0.0,4.0,4.0
27.57729774937083,46.54728508616825,5.786259536138388,0.0,4.0,4.0
23.92397220829688,48.4598791971655,4.841534638550257,0.0,3.375,3.375
22.634576603901273,49.68548639520818,3.5949573138575914,0.0,3.0,3.0
18.98125106282732,0.0,0.0,0.0,3.0,3.0
17.15458829229034,0.0,0.0,0.0,3.0,3.0
13.70432548048421,0.0,0.0,0.0,3.0,3.0
13.442889942541491,3.020194157827088,1.0844423685494138,0.0,3.0,3.0
13.442889942541491,5.536238934973173,1.479504659104334,0.0,1.75,1.75
13.442889942541491,5.6364289269563,1.3308864860432357,0.0,1.0,1.0
13.442889942541491,4.5890785135860295,0.8148476020910737,0.0,1.0,1.0
13.442889942541491,37.86344490136414,6.460947363357596,0.0,1.0,1.0
18.21243988868753,98.49273757802125,4.165467241715737,0.03675,1.0,1.0
35.700243125570466,100.57375137208402,5.909651659649633,0.2259375,1.0,1.0
82.75363320094884,49.34231644446807,12.536221434098282,0.428875,1.0,1.0
74.21670290839647,28.346942435100686,16.67837128068857,0.52075,1.0,1.0
72.28260950180305,20.12591723978626,19.30206188121311,0.397375,1.0,1.0
74.21670290839647,16.81615115859337,19.284418807370283,0.1383125,1.0,1.0
75.21995504444162,24.037135751138536,20.925297972749323,0.570375,1.0,1.0
75.82844741389097,10.200408746153224,29.88617857360297,0.71925,1.0,1.0
72.28260950180305,8.494967054063427,30.796434156075545,0.670875,2.875,2.875
72.43847232917938,8.51709061349877,30.673801427106813,0.46625,4.0,4.0
81.03721247873229,10.380442628079635,28.178533301568578,0.03525,4.0,4.0
57.41216647569334,28.05831099273981,18.488594236545616,0.0,4.0,4.0
30.156088958162037,31.090303314948205,10.855995210181497,0.0,4.0,4.0
27.57729774937083,29.767902487363223,8.981078997878829,0.0,4.0,4.0
23.92397220829688,32.429835130278114,8.40860496716085,0.0,2.75,2.75
22.634576603901273,33.94780443753907,7.88610228694628,0.0,2.0,2.0
18.98125106282732,0.0,0.0,0.0,2.0,2.0
17.15458829229034,0.0,0.0,0.0,2.0,2.0
13.70432548048421,0.0,0.0,0.0,2.0,2.0
13.442889942541491,0.0,0.0,0.0,2.0,2.0
13.442889942541491,0.0,0.0,0.0,5.125,5.125
13.442889942541491,6.105879373767959,1.874763852290407,0.0,7.0,7.0
13.442889942541491,7.632275788786085,1.6934259180532083,0.0,7.0,7.0
13.442889942541491,33.43160001517057,7.905485686551219,0.0,7.0,7.0
18.167399349499423,80.43749031095261,7.766097278195891,0.0496875,7.0,7.0
35.4374106176743,82.20409205432306,6.596127120144406,0.19875,7.0,7.0
82.67570376895836,47.21818062578953,13.739436638962427,0.0165625,5.125,5.125
74.21670290839647,30.223676604227578,16.350692995312368,0.121125,4.0,4.0
72.28260950180305,14.860535442185522,22.042896470473984,0.4845,4.0,4.0
74.21670290839647,13.971611740187226,20.189342841916364,0.040375,4.0,4.0
75.21995504444162,22.55437427630367,21.577358276135186,0.1385625,4.0,4.0
75.82844741389097,9.515623290302203,30.044180353423393,0.55425,4.0,4.0
72.28260950180305,8.203147171653836,26.972318516952463,0.1530625,4.625,4.625
72.31282048298122,8.065843611509747,29.756584804881257,0.427875,5.0,5.0
79.96106895980357,10.66740318162863,27.70703644458481,0.037125,5.0,5.0
57.41216647569334,28.651149486751635,19.92197622754365,0.0,5.0,5.0
30.156088958162037,31.187417431815394,12.979486252317617,0.0,5.0,5.0
27.57729774937083,28.15497990349219,11.163399916988508,0.0,5.0,5.0
23.92397220829688,29.396300525998154,9.921837870041763,0.0,3.125,3.125
22.634576603901273,30.651453421308982,9.38760136896744,0.0,2.0,2.0
18.98125106282732,0.0,0.0,0.0,2.0,2.0
17.15458829229034,0.0,0.0,0.0,2.0,2.0
13.70432548048421,0.0,0.0,0.0,2.0,2.0
13.442889942541491,0.0,0.0,0.0,2.0,2.0
13.442889942541491,0.0,0.0,0.0,0.75,0.75
13.442889942541491,0.0,0.0,0.0,0.0,0.0
13.442889942541491,0.0,0.0,0.0,0.0,0.0
13.442889942541491,20.07135438402905,10.49994381265697,0.0,0.0,0.0
18.197419956989513,69.42674308228378,9.103064954003969,0.0421875,0.0,0.0
35.618226548768135,76.07190299485123,7.95084889664548,0.16875,0.0,0.0
82.67570376895836,45.53932587554541,14.673330605070769,0.0140625,1.25,1.25
74.21670290839647,30.332694864909413,16.940752557348382,0.1010625,2.0,2.0
72.28260950180305,15.804232461399756,22.492134677363836,0.5480625,2.0,2.0
74.21670290839647,10.926380787721575,26.276939492948657,0.7514375,2.0,2.0
75.21995504444162,19.46786879966787,28.192381557879443,0.74375,2.0,2.0
75.82844741389097,6.349480567150688,35.02667495932332,0.55075,2.0,2.0
72.28260950180305,4.635537816026318,30.37477601080618,0.1499375,2.0,2.0
72.38651805338728,5.385939924680702,32.43721327815607,0.4336875,2.0,2.0
80.68171761378092,7.3407324859084255,31.13380423946421,0.04275,2.0,2.0
57.41216647569334,23.067672689925526,21.688632214399227,0.0,2.0,2.0
30.156088958162037,25.234654632799653,14.129526344233557,0.0,2.0,2.0
27.57729774937083,23.09592064689303,12.233857307587108,0.0,2.0,2.0
23.92397220829688,26.435293577560895,11.31786045206326,0.0,2.0,2.0
22.634576603901273,29.159468334925243,10.66138214248534,0.0,2.0,2.0
18.98125106282732,0.0,0.0,0.0,2.0,2.0
17.15458829229034,0.0,0.0,0.0,2.0,2.0
10.611742008136241,0.0,0.0,0.0,2.0,2.0
10.350306470193523,0.0,0.0,0.0,2.0,2.0
10.350306470193523,0.0,0.0,0.0,2.0,2.0
10.350306470193523,1.7962030646454759,0.6407353088315005,0.0,2.0,2.0
10.350306470193523,5.398194181249967,1.7634543394318516,0.0,2.0,2.0
10.350306470193523,24.291234894728426,9.651373942260511,0.0,2.0,2.0
18.173171900017234,70.1338354190917,8.82722231123423,0.047625,2.0,2.0
23.469622816299974,71.94522501095345,6.7096675506853085,0.1905,2.0,2.0
32.310786033414914,48.83368918409217,8.57783352229978,0.015875,2.0,2.0
34.55185640433484,35.01055915793582,9.191158570912128,0.1119375,2.0,2.0
33.58480970103814,21.072991287852016,13.607926234972423,0.44775,2.0,2.0
35.84125200873044,16.032971258959368,12.534766624427185,0.169875,2.0,2.0
24.492573044144226,15.443358811630482,14.435842962302026,0.6691875,2.0,2.0
21.913781835353017,11.42878502639619,16.958656358986612,0.7308125,2.0,2.0
20.302037329858514,10.073869713195796,19.30753838382081,0.67875,2.0,2.0
19.025630294410934,10.172911517856697,18.709330276240898,0.5140625,2.0,2.0
20.06449409719651,12.271575759353716,12.821087851057618,0.1750625,2.0,2.0
15.256700318445407,0.7098712612958863,25.77677705262045,0.0,2.0,2.0
13.322606911852002,0.0,0.0,0.0,2.0,2.0
10.611742008136241,0.0,0.0,0.0,2.0,2.0
10.350306470193523,0.0,0.0,0.0,2.0,2.0
10.350306470193523,0.0,0.0,0.0,2.0,2.0
10.350306470193523,0.0,0.0,0.0,2.0,2.0
10.350306470193523,0.0,0.0,0.0,2.0,2.0
10.350306470193523,0.0,0.0,0.0,2.0,2.0
10.350306470193523,0.0,0.0,0.0,2.0,2.0
10.350306470193523,0.0,0.0,0.0,0.75,0.75
10.350306470193523,0.0,0.0,0.0,0.0,0.0
10.350306470193523,0.0,0.0,0.0,0.0,0.0
10.350306470193523,4.276338476540015,1.357055066049038,0.0,0.0,0.0
13.134080232505159,2.884826326337907,0.8673215383249557,0.0,0.0,0.0
13.224598049892514,4.152184478832309,1.238867569834932,0.0,0.0,0.0
13.033696189261331,3.5178145358338764,0.8073633590687541,0.0,1.25,1.25
12.970245637438932,5.884525382414648,1.1895310069738074,0.0,2.0,2.0
12.949246704213556,4.545029038183648,1.1432484843972004,0.0,2.0,2.0
12.943652445050503,3.006534701210132,0.7585118727384135,0.0,2.0,2.0
12.944211907664915,4.584495511530862,1.129820710357915,0.0,2.0,2.0
12.950365996423427,3.9605056121171724,1.0875071735991146,0.0,2.0,2.0
12.973456418683314,3.3145308502270003,0.7094990037650659,0.0,2.625,2.625
13.058100391478018,5.695498086673977,1.0030924266672787,0.0,3.0,3.0
13.298802597109765,5.596059061701391,0.9286336728198379,0.0,3.0,3.0
13.322606911852002,4.791709049162458,0.6147525181176705,0.0,3.0,3.0
10.611742008136241,8.451043783020193,0.8114528976788442,0.0,3.0,3.0
10.350306470193523,7.762527916067767,0.6821023583987385,0.0,3.0,3.0
10.350306470193523,5.627128791622545,0.414600968245733,0.0,2.375,2.375
10.350306470193523,9.82903901126499,1.3046590238077074,0.0,2.0,2.0
10.350306470193523,10.543728540417101,2.552705687742731,0.0,2.0,2.0
10.350306470193523,8.225170710094124,1.6122762249491975,0.0,2.0,2.0
13.442889942541491,13.21189655079395,2.299714080769824,0.0,2.0,2.0
13.442889942541491,12.274507519413113,2.1303036553229666,0.0,2.0,2.0
13.442889942541491,8.879233808184155,1.2983792664719997,0.0,2.0,2.0
13.442889942541491,15.931629208646081,1.8570445288020947,0.0,2.0,2.0
13.442889942541491,15.21728293874122,1.6974456949566612,0.0,2.0,2.0
13.442889942541491,48.24039842841383,4.410164949718422,0.0,2.0,2.0
18.23417337175848,137.23498942246766,1.1609297722581313,0.01275,2.0,2.0
35.76397182925258,137.06696190914462,4.674357027795382,0.051,2.0,2.0
83.2010731021683,87.586471545625,7.412608812563862,0.00425,2.0,2.0
74.35242243939042,67.62050459380067,8.123849070684653,0.0290625,2.0,2.0
72.28260950180305,48.684451613111314,9.301158025845234,0.11625,2.0,2.0
74.21670290839647,43.15132203616761,10.525157968258986,0.044,2.0,2.0
75.21995504444162,44.002747357621175,9.70208117011935,0.1730625,2.0,2.0
75.82844741389097,27.963427674634723,13.548983738060052,0.192375,2.0,2.0
72.28260950180305,22.998971965152887,15.254679204034648,0.2058125,2.625,2.625
72.40665870750605,22.21804876658325,16.86580772911441,0.2225625,3.0,3.0
79.45003474817462,23.24478812182451,18.14095819322927,0.164375,3.0,3.0
57.41216647569334,45.36574041718001,10.84227775743546,0.0,3.0,3.0
30.156088958162037,51.100760570236744,7.05401665224139,0.0,3.0,3.0
27.57729774937083,47.787704579122384,5.900606348231672,0.0,3.0,3.0
23.92397220829688,50.7669823049207,5.23047469057712,0.0,3.0,3.0
22.634576603901273,52.39462875828186,3.8739805960203326,0.0,3.0,3.0
18.98125106282732,0.0,0.0,0.0,3.0,3.0
17.15458829229034,0.0,0.0,0.0,3.0,3.0
13.70432548048421,0.0,0.0,0.0,3.0,3.0
13.442889942541491,3.458824406008217,1.0694138360171577,0.0,3.0,3.0
13.442889942541491,3.8449510202320085,0.9944218800145211,0.0,2.375,2.375
13.442889942541491,6.945200138295279,1.3902758730447011,0.0,2.0,2.0
13.442889942541491,8.004466004834178,1.2698439910557635,0.0,2.0,2.0
13.442889942541491,35.65343461654013,6.250473910643979,0.0,2.0,2.0
18.17093404955959,101.59320427382633,4.446391064291904,0.0511875,2.0,2.0
35.53144257575119,101.57622686413131,5.968942694534722,0.20475,2.0,2.0
82.62798333644837,57.84450980927784,12.216429158235075,0.116625,0.75,0.75
74.21670290839647,30.033481604012366,15.9481871125787,0.5371875,0.0,0.0
72.28260950180305,19.535616052976383,20.78804046117148,0.71625,0.0,0.0
74.21670290839647,14.494033809893953,24.203215573165757,0.6916875,0.0,0.0
75.21995504444162,22.9858727255966,24.00013659850096,0.7264375,0.0,0.0
75.82844741389097,9.704467982467714,31.61886592109884,0.735375,0.0,0.0
72.28260950180305,9.331465512988313,30.810727018945197,0.6864375,3.75,3.75
72.36054091549121,10.3519028798719,30.094031784541617,0.49175,6.0,6.0
79.6637851714945,12.917705199742667,28.00592067717744,0.0373125,6.0,6.0
57.41216647569334,31.755250850261273,18.714448603745062,0.0,6.0,6.0
30.156088958162037,36.231216776425676,11.344222357767826,0.0,6.0,6.0
27.57729774937083,34.51946555557061,9.328534811167497,0.0,6.0,6.0
23.92397220829688,36.120310974705454,8.652595430622714,0.0,3.5,3.5
22.634576603901273,37.203615525605244,8.122674942030246,0.0,2.0,2.0
18.98125106282732,0.0,0.0,0.0,2.0,2.0
17.15458829229034,0.0,0.0,0.0,2.0,2.0
13.70432548048421,0.0,0.0,0.0,2.0,2.0
13.442889942541491,0.0,0.0,0.0,2.0,2.0
13.442889942541491,0.0,0.0,0.0,1.375,1.375
13.442889942541491,0.0,0.0,0.0,1.0,1.0
13.442889942541491,0.0,0.0,0.0,1.0,1.0
13.442889942541491,21.82745050266445,9.673469014678039,0.0,1.0,1.0
18.149936582111813,66.83413594594992,8.8264516811179,0.03975,1.0,1.0
35.43405406217647,71.85979598379066,6.848271247690891,0.159,1.0,1.0
82.67570376895836,35.05863172810725,14.683653520192633,0.08975,1.625,1.625
74.21670290839647,16.6317033684222,20.848946063562416,0.306,2.0,2.0
72.28260950180305,11.913252119026138,21.04231938590767,0.123,2.0,2.0
74.21670290839647,7.137935586434759,26.95748942626175,0.49425,2.0,2.0
75.21995504444162,16.433240842558806,28.7369853630759,0.4495,2.0,2.0
75.82844741389097,5.086119818064434,33.00823531633227,0.1495,2.0,2.0
72.28260950180305,4.703027869190051,35.779892224011924,0.459,2.625,2.625
72.40665870750605,4.016352357646097,32.41760137156389,0.03825,3.0,3.0
79.95595071221865,5.113234466115115,31.07699548123161,0.0,3.0,3.0
57.41216647569334,19.65239895192409,21.42735063966389,0.0,3.0,3.0
30.156088958162037,19.526166979350734,14.212376859184364,0.0,3.0,3.0
27.57729774937083,18.73704574051682,12.36120955465193,0.0,3.0,3.0
23.92397220829688,22.18716810601965,11.445987960864173,0.0,3.0,3.0
22.634576603901273,24.755978133567808,10.779600641163368,0.0,3.0,3.0
18.98125106282732,0.0,0.0,0.0,3.0,3.0
17.15458829229034,0.0,0.0,0.0,3.0,3.0
13.70432548048421,0.0,0.0,0.0,3.0,3.0
13.442889942541491,0.0,0.0,0.0,3.0,3.0
13.442889942541491,0.0,0.0,0.0,1.125,1.125
13.442889942541491,0.0,0.0,0.0,0.0,0.0
13.442889942541491,0.0,0.0,0.0,0.0,0.0
13.442889942541491,8.502595898369195,2.1212780227889065,0.0,0.0,0.0
18.17649380989318,51.57159174640721,10.010750352423418,0.042375,0.0,0.0
35.58510161293981,59.957425421311626,8.828171705309776,0.1695,0.0,0.0
82.64389014728503,27.79501436848936,17.383260282149568,0.094375,1.25,1.25
74.21670290839647,11.838439950553916,24.071249503750717,0.437625,2.0,2.0
72.28260950180305,6.818942268604933,28.477584923106733,0.5954375,2.0,2.0
74.21670290839647,4.738951398230739,31.760184750031154,0.5850625,2.0,2.0
75.21995504444162,14.128309880617094,33.10095505278842,0.7236875,2.0,2.0
75.82844741389097,3.99648938702635,41.75308779057335,0.7255,2.0,2.0
72.28260950180305,3.654072600675949,40.47813982511255,0.641,3.875,3.875
72.31282048298122,3.491016961098422,39.89454632930945,0.4945625,5.0,5.0
76.60618697161019,3.0819481327028146,37.77404562618917,0.037875,5.0,5.0
57.41216647569334,15.88392129224975,26.5089840336505,0.0,5.0,5.0
30.156088958162037,13.858401183233003,17.297792319926934,0.0,5.0,5.0
27.57729774937083,14.09240432392086,14.874778730520847,0.0,5.0,5.0
23.92397220829688,16.771056937240928,13.63754306462441,0.0,3.125,3.125
22.634576603901273,18.60452877243891,12.877551550555163,0.0,2.0,2.0
18.98125106282732,0.0,0.0,0.0,2.0,2.0
17.15458829229034,0.0,0.0,0.0,2.0,2.0
13.70432548048421,0.0,0.0,0.0,2.0,2.0
13.442889942541491,0.0,0.0,0.0,2.0,2.0
13.442889942541491,0.0,0.0,0.0,2.0,2.0
13.442889942541491,0.0,0.0,0.0,2.0,2.0
13.442889942541491,0.0,0.0,0.0,2.0,2.0
13.442889942541491,9.99110968786732,2.368225827814785,0.0,2.0,2.0
18.11014419148612,46.660273021315085,10.76802313659927,0.0545625,2.0,2.0
35.353743567902434,51.90636283493878,11.140987846414397,0.300375,2.0,2.0
82.59777433696789,19.957806570715448,24.163556084503213,0.3466875,1.375,1.375
74.21670290839647,10.960274738571359,21.83679467812386,0.027375,1.0,1.0
72.28260950180305,7.630733835897293,24.2521563480084,0.0,1.0,1.0
74.21670290839647,5.143999161759022,30.20038444464958,0.139125,1.0,1.0
75.21995504444162,14.350483845864664,36.11008734438745,0.6965625,1.0,1.0
75.82844741389097,3.7506568495668366,44.893695524614685,0.606625,1.0,1.0
72.28260950180305,2.572243579402297,41.05905849012234,0.1610625,2.875,2.875
72.29267982886245,2.7818477575300555,40.24868530066906,0.4575,4.0,4.0
76.52071183621804,3.479217210965813,37.143977788499136,0.038125,4.0,4.0
57.29314641528575,17.889180580561295,24.946868772485406,0.0,4.0,4.0
30.156088958162037,21.489494259485074,17.250991700636032,0.0,4.0,4.0
27.57729774937083,19.613785953958537,15.210987287453381,0.0,4.0,4.0
23.92397220829688,20.156659240477666,13.860413982051202,0.0,1.5,1.5
22.634576603901273,21.41637875056263,13.0865005312503,0.0,0.0,0.0
18.98125106282732,0.0,0.0,0.0,0.0,0.0
17.15458829229034,0.0,0.0,0.0,0.0,0.0
10.611742008136241,0.0,0.0,0.0,0.0,0.0
10.350306470193523,0.0,0.0,0.0,0.0,0.0
10.350306470193523,0.0,0.0,0.0,1.875,1.875
10.350306470193523,0.0,0.0,0.0,3.0,3.0
10.350306470193523,0.0,0.0,0.0,3.0,3.0
10.350306470193523,10.602778289015323,2.3209463445551894,0.0,3.0,3.0
18.05900132047049,41.2262992531644,10.778719423803008,0.0855,3.0,3.0
23.369493143300513,39.948831132682585,10.021364060334868,0.342,3.0,3.0
32.29541409664253,21.325550022130777,11.099278566889293,0.1681875,3.0,3.0
34.55185640433484,10.620010876838354,20.414410622323523,0.55875,3.0,3.0
33.58480970103814,7.100500823374054,16.308724293201845,0.0465625,3.0,3.0
35.84125200873044,5.1104808844122696,16.17891816060562,0.0,3.0,3.0
24.492573044144226,4.577238814859181,13.124386689341808,0.0,3.0,3.0
21.913781835353017,3.033104280007706,15.309293989782326,0.133125,3.0,3.0
20.302037329858514,2.5532434066407115,21.881728316396615,0.5325,4.875,4.875
19.0176768889926,3.0525718110997127,16.23163992831653,0.044375,6.0,6.0
19.517929853877742,6.248175290554512,10.87591629523859,0.0,6.0,6.0
15.237510066340299,0.24035135394874532,27.143924902172728,0.0,6.0,6.0
13.322606911852002,0.0,0.0,0.0,6.0,6.0
10.611742008136241,0.0,0.0,0.0,6.0,6.0
10.350306470193523,0.0,0.0,0.0,3.5,3.5
10.350306470193523,0.0,0.0,0.0,2.0,2.0
10.350306470193523,0.0,0.0,0.0,2.0,2.0
10.350306470193523,0.0,0.0,0.0,2.0,2.0
10.350306470193523,0.0,0.0,0.0,2.0,2.0
10.350306470193523,0.0,0.0,0.0,2.0,2.0
10.350306470193523,0.0,0.0,0.0,2.625,2.625
10.350306470193523,0.0,0.0,0.0,3.0,3.0
10.350306470193523,0.0,0.0,0.0,3.0,3.0
10.350306470193523,0.0,0.0,0.0,3.0,3.0
13.052619404185402,2.7170057695232677,1.0969521111113412,0.0736875,3.0,3.0
13.018226713990138,2.537379609667118,1.188367964406848,0.3675,3.0,3.0
12.941706730269447,0.0,0.0,0.541875,2.375,2.375
12.933047904492726,0.0,0.0,0.665875,2.0,2.0
12.933047904492726,0.0,0.0,0.7519375,2.0,2.0
12.933047904492726,0.0,0.0,0.7698125,2.0,2.0
12.933047904492726,0.0,0.0,0.7631875,2.0,2.0
12.933047904492726,0.0,0.0,0.743125,2.0,2.0
12.933047904492726,0.0,0.0,0.6966875,3.25,3.25
12.943150124785635,0.0,0.0,0.5575,4.0,4.0
13.070263835787602,0.0,0.0,0.236625,4.0,4.0
13.316314874126675,0.0,0.0,0.0165,4.0,4.0
10.611742008136241,0.0,0.0,0.0,4.0,4.0
10.350306470193523,0.0,0.0,0.0,4.0,4.0
10.350306470193523,0.0,0.0,0.0,2.75,2.75
10.350306470193523,0.0,0.0,0.0,2.0,2.0
10.350306470193523,0.0,0.0,0.0,2.0,2.0
10.350306470193523,2.2849644869600905,1.0914690147103554,0.0,2.0,2.0
13.442889942541491,2.548435425134311,1.0534026628571702,0.0,2.0,2.0
13.442889942541491,4.525983215303954,1.4213501346852537,0.0,2.0,2.0
13.442889942541491,4.810293419117797,1.2882856401269025,0.0,2.0,2.0
13.442889942541491,3.6575241956618543,0.8024723625927633,0.0,2.0,2.0
13.442889942541491,6.875788756282112,1.15680922486239,0.0,2.0,2.0
13.442889942541491,31.1750667324036,6.891651228211459,0.0,2.0,2.0
18.182364554159538,79.89541174551808,5.588983352395633,0.11475,2.0,2.0
35.97042314508836,81.57269448263561,6.170860188935468,0.4619375,2.0,2.0
83.14970465099363,31.7509604920419,16.756578757481186,0.664,3.25,3.25
74.21670290839647,16.48991194996001,23.10719536687437,0.7555,4.0,4.0
72.28260950180305,10.752019660480002,26.428540369277034,0.76975,4.0,4.0
74.21670290839647,7.628236141066083,28.015750924115157,0.77075,4.0,4.0
75.21995504444162,12.518622804067517,28.125887846770066,0.763375,4.0,4.0
75.82844741389097,5.4608975498257335,36.87417413098086,0.7440625,4.0,4.0
72.38651805338728,5.034249124908914,37.01676972794499,0.69825,4.0,4.0
73.17868109718522,4.712272201701822,37.63907582638698,0.56375,4.0,4.0
78.40418964745238,4.576523369592417,38.58373173142336,0.249625,4.0,4.0
57.35484035760314,15.282729084177305,27.321527397019523,0.0175625,4.0,4.0
30.156088958162037,9.86719957482299,15.395397067828675,0.0,4.0,4.0
27.57729774937083,11.49380752021622,12.346034707561166,0.0,4.0,4.0
23.92397220829688,15.259819467234731,11.101336312308293,0.0,2.75,2.75
22.634576603901273,18.383239151188516,10.32647392164855,0.0,2.0,2.0
18.98125106282732,0.0,0.0,0.0,2.0,2.0
17.15458829229034,0.0,0.0,0.0,2.0,2.0
13.70432548048421,0.0,0.0,0.0,2.0,2.0
13.442889942541491,0.0,0.0,0.0,2.0,2.0
13.442889942541491,0.0,0.0,0.0,0.75,0.75
13.442889942541491,0.0,0.0,0.0,0.0,0.0
13.442889942541491,0.0,0.0,0.0,0.0,0.0
13.442889942541491,8.286310619800995,2.3619592612328963,0.0,0.0,0.0
18.152408458561847,45.6251358881952,9.833058112786727,0.098625,0.0,0.0
35.60271450630477,52.20685468440001,9.444179465217601,0.3769375,0.0,0.0
82.67570376895836,17.964582483766094,24.866701616622887,0.524625,0.625,0.625
74.21670290839647,7.392934723471285,28.9955078797109,0.4413125,1.0,1.0
72.28260950180305,4.294358846547418,31.28575800680839,0.1631875,1.0,1.0
74.21670290839647,4.444688188119458,37.698639192749404,0.6605625,1.0,1.0
75.21995504444162,6.888130653693967,41.37016192266825,0.7589375,1.0,1.0
75.82844741389097,4.291366648618752,49.492452610022475,0.7445,1.0,1.0
72.28260950180305,4.210578876171962,49.68332610765994,0.7005,2.25,2.25
72.37061124255061,3.6683922988443243,48.89854205916544,0.5700625,3.0,3.0
76.7277943910515,3.027392197570013,47.70510037859335,0.262625,3.0,3.0
57.23022603803249,9.676052198711588,37.57588227111228,0.018625,3.0,3.0
30.156088958162037,1.070563529001673,25.179133653947446,0.0,3.0,3.0
27.57729774937083,2.9027716980508798,20.543093307575262,0.0,3.0,3.0
23.92397220829688,5.407581839468351,17.49191595650143,0.0,2.375,2.375
22.634576603901273,8.014037496421356,15.848005861062386,0.0,2.0,2.0
18.98125106282732,0.0,0.0,0.0,2.0,2.0
17.15458829229034,0.0,0.0,0.0,2.0,2.0
13.70432548048421,0.0,0.0,0.0,2.0,2.0
13.442889942541491,0.0,0.0,0.0,2.0,2.0
13.442889942541491,0.0,0.0,0.0,0.75,0.75
13.442889942541491,0.0,0.0,0.0,0.0,0.0
13.442889942541491,0.0,0.0,0.0,0.0,0.0
13.442889942541491,0.0,0.0,0.0,0.0,0.0
18.149332416803762,27.749300989488855,14.109202812048807,0.111375,0.0,0.0
35.698832284853694,36.884449899811585,14.36631163429497,0.45775,0.0,0.0
82.67570376895836,11.978449738445212,29.930584064413033,0.5855,1.25,1.25
74.21670290839647,5.011093338463527,32.006620559531584,0.42075,2.0,2.0
72.28260950180305,3.374236693773846,35.279196395321975,0.5093125,2.0,2.0
74.21670290839647,3.3061720675797432,42.85479076561745,0.751875,2.0,2.0
75.21995504444162,3.4002824057878502,46.896710104244946,0.764375,2.0,2.0
75.82844741389097,3.11748521533947,53.47938870868692,0.7454375,2.0,2.0
72.28260950180305,2.925133831547096,53.673315545756694,0.701875,3.875,3.875
72.44854265623877,2.4122316171395197,53.12595276398786,0.57575,5.0,5.0
77.54037226635447,1.8841544834091986,51.49398671175675,0.2763125,5.0,5.0
57.34924609844009,6.320675008863657,41.8299734833283,0.01975,5.0,5.0
30.156088958162037,0.07551707361819923,30.56205381146512,0.0,5.0,5.0
27.57729774937083,0.8842570276553838,25.632507489655737,0.0,5.0,5.0
23.92397220829688,2.2884911884411676,21.971305550913936,0.0,3.75,3.75
22.634576603901273,3.638109747012062,19.531097617602555,0.0,3.0,3.0
18.98125106282732,0.0,0.0,0.0,3.0,3.0
17.15458829229034,0.0,0.0,0.0,3.0,3.0
13.70432548048421,0.0,0.0,0.0,3.0,3.0
13.442889942541491,0.0,0.0,0.0,3.0,3.0
13.442889942541491,0.0,0.0,0.0,4.25,4.25
13.442889942541491,0.0,0.0,0.0,5.0,5.0
13.442889942541491,0.0,0.0,0.0,5.0,5.0
13.442889942541491,0.0,0.0,0.0,5.0,5.0
18.279221936087502,7.576132825796407,22.838125290047415,0.0,5.0,5.0
35.82604414676908,26.546342072610365,15.587483357745597,0.0,5.0,5.0
82.87344592110614,6.193555079578847,28.87109139886909,0.0,3.75,3.75
74.21670290839647,3.673317606230383,31.31459849337812,0.0,3.0,3.0
72.28260950180305,2.6193555769574868,33.26028020136328,0.0,3.0,3.0
74.21670290839647,2.0511577292856753,36.809674061399846,0.0,3.0,3.0
75.21995504444162,11.946156140899314,36.663846534384334,0.0,3.0,3.0
75.82844741389097,1.8056315438190196,40.28478663932325,0.0,3.0,3.0
72.29267982886245,1.3790179573810732,37.7949245782983,0.0,3.625,3.625
72.64045294857053,1.6815682410020927,36.991305301017796,0.0,4.0,4.0
77.573151930535,2.2478377220522425,37.79644791529237,0.0,4.0,4.0
57.36602887592925,12.41298010531389,27.337253645861114,0.0,4.0,4.0
30.156088958162037,7.734710605277878,19.20540888646583,0.0,4.0,4.0
27.57729774937083,6.83277844198778,17.934326243722673,0.0,4.0,4.0
23.92397220829688,7.821092569053734,17.434746794659578,0.0,2.125,2.125
22.634576603901273,8.148150860114752,17.080911686934417,0.0,1.0,1.0
18.98125106282732,0.0,0.0,0.0,1.0,1.0
17.15458829229034,0.0,0.0,0.0,1.0,1.0
13.70432548048421,0.0,0.0,0.0,1.0,1.0
13.442889942541491,0.0,0.0,0.0,1.0,1.0
13.442889942541491,0.0,0.0,0.0,2.875,2.875
13.442889942541491,0.0,0.0,0.0,4.0,4.0
13.442889942541491,0.0,0.0,0.0,4.0,4.0
13.442889942541491,0.0,0.0,0.0,4.0,4.0
18.13281043008264,20.85886239598052,16.315510676617563,0.022875,4.0,4.0
35.53295294302975,35.13008134727143,13.602827997646168,0.064125,4.0,4.0
82.731889245769,9.713293809798522,26.274412426999156,0.0910625,3.375,3.375
74.21670290839647,4.582405190885292,29.646262994821594,0.11075,3.0,3.0
72.28260950180305,2.8877938571439037,32.67397335356979,0.12625,3.0,3.0
74.21670290839647,2.4646927870827278,36.49173801941316,0.1105625,3.0,3.0
75.21995504444162,12.433462049569767,34.6610652366898,0.03725,3.0,3.0
75.82844741389097,2.3886850454159303,41.34629503734793,0.14475,3.0,3.0
72.29267982886245,1.718860468636034,40.72379567016079,0.1295625,3.625,3.625
72.97975441831902,1.3737269877384226,38.663579889896766,0.01,4.0,4.0
78.36166167114112,1.6143079803055151,38.969691180135456,0.0,4.0,4.0
57.36602887592925,11.84393503941998,28.644545932563428,0.0,4.0,4.0
30.156088958162037,4.650400826794069,19.745542815652648,0.0,4.0,4.0
27.57729774937083,4.595401757834318,17.924103548243846,0.0,4.0,4.0
23.92397220829688,6.173036778077713,17.211690208836558,0.0,2.75,2.75
22.634576603901273,7.69579809683288,16.788614735686146,0.0,2.0,2.0
18.98125106282732,0.0,0.0,0.0,2.0,2.0
17.15458829229034,0.0,0.0,0.0,2.0,2.0
10.611742008136241,0.0,0.0,0.0,2.0,2.0
10.350306470193523,0.0,0.0,0.0,2.0,2.0
10.350306470193523,0.0,0.0,0.0,0.75,0.75
10.350306470193523,0.0,0.0,0.0,0.0,0.0
10.350306470193523,0.0,0.0,0.0,0.0,0.0
10.350306470193523,0.0,0.0,0.00625,0.0,0.0
18.06060107798563,18.408743126096226,16.547101962142232,0.0375,0.0,0.0
23.449433748677265,24.880515038675085,12.80618355618946,0.0531875,0.0,0.0
32.29541409664253,7.63614929645526,16.94176670836708,0.261375,0.625,0.625
34.55185640433484,2.9141655552681427,22.60280520962457,0.2611875,1.0,1.0
33.58480970103814,1.0416947884253989,22.1520618721069,0.0974375,1.0,1.0
35.84125200873044,0.46586541528845105,27.85480244371246,0.390375,1.0,1.0
24.492573044144226,0.2190570315992109,28.5189478723142,0.3541875,1.0,1.0
21.913781835353017,0.0034897937584219114,26.35215782542478,0.027375,1.0,1.0
20.302037329858514,0.0,24.61509875196355,0.099,1.625,1.625
19.012641725462906,0.014593107075083026,26.915498337337286,0.396,2.0,2.0
19.560468799122066,0.19853273705410357,22.493444071086305,0.033,2.0,2.0
15.236391214507687,0.0035980217475394057,30.3096989006326,0.0,2.0,2.0
13.322606911852002,0.0,0.0,0.0,2.0,2.0
10.611742008136241,0.0,0.0,0.0,2.0,2.0
10.350306470193523,0.0,0.0,0.0,0.75,0.75
10.350306470193523,0.0,0.0,0.0,0.0,0.0
10.350306470193523,0.0,0.0,0.0,0.0,0.0
10.350306470193523,0.0,0.0,0.0,0.0,0.0
10.350306470193523,0.0,0.0,0.0,0.0,0.0
10.350306470193523,0.0,0.0,0.0,0.0,0.0
10.350306470193523,0.0,0.0,0.0,1.875,1.875
10.350306470193523,0.0,0.0,0.0,3.0,3.0
10.350306470193523,0.0,0.0,0.0,3.0,3.0
13.134080232505159,0.0,0.0,0.00525,3.0,3.0
13.165200875223054,0.0,0.0,0.058125,3.0,3.0
12.959868154827241,0.0,0.0,0.109125,3.0,3.0
12.93993930684315,0.0,0.0,0.0548125,1.125,1.125
12.933047904492726,0.0,0.0,0.23625,0.0,0.0
12.933047904492726,0.0,0.0,0.282875,0.0,0.0
12.933047904492726,0.0,0.0,0.24775,0.0,0.0
12.933047904492726,0.0,0.0,0.0835,0.0,0.0
12.933047904492726,0.0,0.0,0.324375,0.0,0.0
12.933047904492726,0.0,0.0,0.2899375,2.5,2.5
12.93808306802242,0.0,0.0,0.0923125,4.0,4.0
12.956658446903788,0.0,0.0,0.27975,4.0,4.0
10.566469636154785,0.0,0.0,0.0233125,4.0,4.0
10.350306470193523,0.0,0.0,0.0,4.0,4.0
10.350306470193523,0.0,0.0,0.0,4.0,4.0
10.350306470193523,0.0,0.0,0.0,2.125,2.125
10.350306470193523,0.0,0.0,0.0,1.0,1.0
10.350306470193523,0.0,0.0,0.0,1.0,1.0
10.350306470193523,0.0,0.0,0.0,1.0,1.0
13.442889942541491,0.0,0.0,0.0,1.0,1.0
13.442889942541491,0.0,0.0,0.0,1.0,1.0
13.442889942541491,0.0,0.0,0.0,1.625,1.625
13.442889942541491,0.0,0.0,0.0,2.0,2.0
13.442889942541491,6.883707855999077,2.1184630899291927,0.0,2.0,2.0
18.336058690846233,44.0112489214489,9.5819284736807,0.009125,2.0,2.0
36.7177643675248,59.22127963685651,7.762473589228807,0.1464375,2.0,2.0
83.28470528522932,20.83962094351353,20.891519587789247,0.4995625,2.0,2.0
74.21670290839647,9.971616951386139,27.550270224109727,0.6868125,2.625,2.625
72.28260950180305,6.543087335535584,31.75435307094915,0.6995625,3.0,3.0
74.21670290839647,4.599665592212147,33.76941509421655,0.5283125,3.0,3.0
75.21995504444162,9.563233305073952,34.7896972410144,0.70725,3.0,3.0
75.82844741389097,3.842183562348533,42.655485712811114,0.5820625,3.0,3.0
72.28260950180305,4.087293470787399,46.78487213879068,0.7335625,3.0,3.0
72.28260950180305,4.016585456394727,47.482721156084075,0.706375,5.5,5.5
75.33961243906948,3.722088253683398,48.01547906129913,0.5885,7.0,7.0
54.30798157863092,8.738591329891982,38.76264218568087,0.32875,7.0,7.0
30.036855029072026,0.6199945666140696,27.356274975032367,0.024125,7.0,7.0
27.57729774937083,2.0523741482042897,22.159018035142285,0.0,7.0,7.0
23.92397220829688,4.204994562343935,18.181618678750834,0.0,7.0,7.0
22.634576603901273,5.794032900942778,15.884000088227884,0.0,5.75,5.75
18.98125106282732,0.0,0.0,0.0,5.0,5.0
17.15458829229034,0.0,0.0,0.0,5.0,5.0
13.70432548048421,0.0,0.0,0.0,5.0,5.0
13.442889942541491,0.0,0.0,0.0,5.0,5.0
13.442889942541491,0.0,0.0,0.0,5.0,5.0
13.442889942541491,0.0,0.0,0.0,6.25,6.25
13.442889942541491,0.0,0.0,0.0,7.0,7.0
13.442889942541491,0.0,0.0,0.0,7.0,7.0
18.32039774812743,15.052384610599146,17.725229988995117,0.01325,7.0,7.0
36.201145516291895,36.19974510588138,12.516874686223629,0.0795,7.0,7.0
82.93546854225995,10.668786331993266,24.539324776116906,0.087625,7.0,7.0
74.21670290839647,4.702284365856036,32.734219856162554,0.324,6.375,6.375
72.28260950180305,3.2474479576506456,33.69716547528352,0.027,6.0,6.0
74.21670290839647,2.855567803781101,38.36794640793194,0.1235625,6.0,6.0
75.21995504444162,7.362344966931227,41.701613934571334,0.49425,6.0,6.0
75.82844741389097,2.5532985119295355,45.87774560740463,0.1788125,6.0,6.0
72.28260950180305,3.2859834183931147,50.135156007221376,0.5505,6.0,6.0
72.28260950180305,2.2679813194750196,46.89010813947488,0.045875,4.75,4.75
75.21396059287135,1.635613399950682,46.95612156295687,0.0,4.0,4.0
53.871377162460114,10.674880342252994,39.260759088414964,0.0,4.0,4.0
29.893494266554324,0.8436064976307174,27.412784957149476,0.0,4.0,4.0
27.57729774937083,1.2978747078386432,21.633976095430924,0.0,4.0,4.0
23.92397220829688,3.598475137772819,18.60872785078158,0.0,4.0,4.0
22.634576603901273,6.8482489363509185,17.445700044986893,0.0,4.625,4.625
18.98125106282732,0.0,0.0,0.0,5.0,5.0
17.15458829229034,0.0,0.0,0.0,5.0,5.0
13.70432548048421,0.0,0.0,0.0,5.0,5.0
13.442889942541491,0.0,0.0,0.0,5.0,5.0
13.442889942541491,0.0,0.0,0.0,5.0,5.0
13.442889942541491,0.0,0.0,0.0,4.375,4.375
13.442889942541491,0.0,0.0,0.0,4.0,4.0
13.442889942541491,6.032812341618514,2.7306116853985243,0.0,4.0,4.0
18.323473789885515,33.547272220026045,13.751716785611386,0.0085,4.0,4.0
36.34494755852548,48.53327239524813,12.218246499524444,0.051,4.0,4.0
83.24223683301095,22.779082976322773,21.079481127981527,0.052625,4.0,4.0
74.21670290839647,9.81874725250361,24.888284682993746,0.1935,3.375,3.375
72.28260950180305,6.795066173385331,25.860323700089605,0.0830625,3.0,3.0
74.21670290839647,3.7780365721082045,35.24126023482547,0.34125,3.0,3.0
75.21995504444162,13.293656888527563,35.866534951374526,0.3163125,3.0,3.0
75.82844741389097,2.784466856792058,38.607662963100935,0.0245,3.0,3.0
72.28260950180305,1.810176451725286,38.03238764406196,0.0855,3.0,3.0
72.28260950180305,2.4186905228756213,42.61321195799942,0.4355625,3.625,3.625
75.18374961169317,2.47043475842298,45.65305828123581,0.40275,4.0,4.0
54.071394982041134,11.376036093689603,35.725205429301276,0.0311875,4.0,4.0
29.97551084335666,4.421294647425795,22.401174420157847,0.0,4.0,4.0
27.57729774937083,4.8671847260603744,18.44359484741065,0.0,4.0,4.0
23.92397220829688,8.107978755065728,17.148988522468798,0.0,4.0,4.0
22.634576603901273,9.7247474022115,16.527212421053708,0.0,2.75,2.75
18.98125106282732,0.0,0.0,0.0,2.0,2.0
17.15458829229034,0.0,0.0,0.0,2.0,2.0
13.70432548048421,0.0,0.0,0.0,2.0,2.0
13.442889942541491,0.0,0.0,0.0,2.0,2.0
13.442889942541491,0.0,0.0,0.0,2.0,2.0
13.442889942541491,0.0,0.0,0.0,1.375,1.375
13.442889942541491,0.0,0.0,0.0,1.0,1.0
13.442889942541491,0.0,0.0,0.0,1.0,1.0
18.326830565571978,23.219271981768525,15.771773825987848,0.004125,1.0,1.0
36.505231864789216,39.724708464872165,12.539113079248468,0.040875,1.0,1.0
83.10067817597613,14.6634081086454,23.001008960090576,0.0886875,1.0,1.0
74.24691190787695,7.841883589433434,25.644714391131224,0.1206875,1.625,1.625
72.28260950180305,5.267204471658051,28.561546454851566,0.1451875,2.0,2.0
74.21670290839647,4.055300820865154,32.2897355873781,0.1311875,2.0,2.0
75.21995504444162,13.745109571750156,29.27099092890311,0.046,2.0,2.0
75.82844741389097,5.247954463692904,35.63306327654678,0.18075,2.0,2.0
72.28260950180305,2.9896362786717394,35.45089580957666,0.1619375,2.0,2.0
72.31282048298122,4.805223501521919,30.042595409444665,0.0125,5.125,5.125
75.46366164477249,6.796908577420811,29.20622898836204,0.06375,7.0,7.0
53.76151894334269,19.45917396628684,26.56086244422021,0.255,7.0,7.0
29.87812232978194,21.408759571806314,17.865992301470293,0.02125,7.0,7.0
27.57729774937083,20.99300623612706,16.158343608618072,0.0,7.0,7.0
23.92397220829688,24.479580154242623,14.622183386386592,0.0,7.0,7.0
22.634576603901273,25.565801669187454,13.67960124289575,0.0,5.125,5.125
18.98125106282732,0.0,0.0,0.0,4.0,4.0
17.15458829229034,0.0,0.0,0.0,4.0,4.0
13.70432548048421,0.0,0.0,0.0,4.0,4.0
13.442889942541491,0.0,0.0,0.0,4.0,4.0
13.442889942541491,0.0,0.0,0.0,4.0,4.0
13.442889942541491,0.0,0.0,0.0,3.375,3.375
13.442889942541491,0.0,0.0,0.0,3.0,3.0
13.442889942541491,21.705770664855184,11.505571121684754,0.0,3.0,3.0
18.332982649088148,60.49417642183925,10.131350198367333,0.010625,3.0,3.0
36.66993933758325,70.32990553300557,10.740476727737002,0.1411875,3.0,3.0
83.29477495172281,35.13405356130933,20.020296149583096,0.421,3.0,3.0
74.21670290839647,20.58628155265668,24.246783673468936,0.5778125,3.625,3.625
72.28260950180305,12.838774220933901,27.03055536704059,0.693625,4.0,4.0
74.21670290839647,8.428670781683289,30.279692448777972,0.7695,4.0,4.0
75.21995504444162,18.01429452501167,28.664445590987658,0.775,4.0,4.0
75.82844741389097,4.99330327342791,35.129284472006105,0.7685,4.0,4.0
72.28260950180305,3.495176383989085,37.12375361077961,0.71025,4.0,4.0
72.28260950180305,3.2791918361919437,36.85353358151929,0.5505,4.625,4.625
75.26168102538132,3.7393374595334983,39.00011332614106,0.6039375,5.0,5.0
54.19180388816066,16.359497767706312,32.36867695273537,0.362,5.0,5.0
29.999102802720074,12.805691337962775,20.872251730266942,0.02675,5.0,5.0
27.57729774937083,12.948156002909082,16.17468439325547,0.0,5.0,5.0
23.92397220829688,17.05442256523113,14.438105780620974,0.0,5.0,5.0
22.634576603901273,20.22916540308552,13.492876480138788,0.0,5.0,5.0
18.98125106282732,0.0,0.0,0.0,5.0,5.0
17.15458829229034,0.0,0.0,0.0,5.0,5.0
13.70432548048421,0.0,0.0,0.0,5.0,5.0
10.350306470193523,0.0,0.0,0.0,5.0,5.0
10.350306470193523,0.0,0.0,0.0,5.0,5.0
10.350306470193523,0.0,0.0,0.0,5.0,5.0
10.350306470193523,0.0,0.0,0.0,5.0,5.0
10.350306470193523,15.003221726743542,5.972423573135214,0.0,5.0,5.0
18.336058690846233,47.152035179788314,10.25935278140931,0.013,5.0,5.0
23.838775365125233,52.01912935619722,8.951398471007249,0.1693125,5.0,5.0
32.54762639730177,28.426295226216734,12.135423364081205,0.49625,5.0,5.0
34.55185640433484,17.40120366810986,17.033776775595395,0.67225,4.375,4.375
33.58480970103814,12.731495082853277,21.16727170845987,0.703,4.0,4.0
35.84125200873044,10.637817672250339,19.909282028176502,0.538625,4.0,4.0
24.492573044144226,10.55361597471934,17.62261495290988,0.7560625,4.0,4.0
21.913781835353017,7.10738764150755,18.66028270829007,0.76875,4.0,4.0
20.302037329858514,5.103416401757678,22.106883612112895,0.75225,4.0,4.0
19.012641725462906,4.795974757606799,23.162339590796996,0.7121875,5.25,5.25
19.36096776445786,5.0431829605351295,22.869171486794627,0.6056875,6.0,6.0
14.941525527343675,0.0454490984117936,30.333521335266877,0.366875,6.0,6.0
13.296442552611675,0.0,0.0,0.02725,6.0,6.0
10.611742008136241,0.0,0.0,0.0,6.0,6.0
10.350306470193523,0.0,0.0,0.0,6.0,6.0
10.350306470193523,0.0,0.0,0.0,5.375,5.375
10.350306470193523,0.0,0.0,0.0,5.0,5.0
10.350306470193523,0.0,0.0,0.0,5.0,5.0
10.350306470193523,0.0,0.0,0.0,5.0,5.0
10.350306470193523,0.0,0.0,0.0,5.0,5.0
10.350306470193523,0.0,0.0,0.0,5.0,5.0
10.350306470193523,0.0,0.0,0.0,3.75,3.75
10.350306470193523,0.0,0.0,0.0,3.0,3.0
10.350306470193523,0.0,0.0,0.0,3.0,3.0
13.123173719387673,0.0,0.0,0.027,3.0,3.0
13.07556288649831,0.0,0.0,0.108,3.0,3.0
12.944503859850974,0.0,0.0,0.09225,3.0,3.0
12.933047904492726,0.0,0.0,0.333,3.625,3.625
12.933047904492726,0.0,0.0,0.1419375,4.0,4.0
12.933047904492726,0.0,0.0,0.6024375,4.0,4.0
12.933047904492726,0.0,0.0,0.754125,4.0,4.0
12.933047904492726,0.0,0.0,0.72375,4.0,4.0
12.933047904492726,0.0,0.0,0.7486875,4.0,4.0
12.933047904492726,0.0,0.0,0.71725,4.0,4.0
12.933047904492726,0.0,0.0,0.6245,4.0,4.0
12.97289027858794,0.0,0.0,0.3743125,4.0,4.0
10.576733790600507,0.0,0.0,0.02775,4.0,4.0
10.350306470193523,0.0,0.0,0.0,4.0,4.0
10.350306470193523,0.0,0.0,0.0,4.0,4.0
10.350306470193523,0.0,0.0,0.0,2.125,2.125
10.350306470193523,0.0,0.0,0.0,1.0,1.0
10.350306470193523,0.0,0.0,0.0,1.0,1.0
10.350306470193523,0.0,0.0,0.0,1.0,1.0
13.442889942541491,0.0,0.0,0.0,1.0,1.0
13.442889942541491,0.0,0.0,0.0,1.0,1.0
13.442889942541491,0.0,0.0,0.0,2.25,2.25
13.442889942541491,0.0,0.0,0.0,3.0,3.0
13.442889942541491,14.161393680403208,4.468339971147686,0.0,3.0,3.0
18.31424566461126,57.502100572623156,7.772218283969713,0.0301875,3.0,3.0
36.15926156755918,68.64160838407709,6.258132401975744,0.2053125,3.0,3.0
82.76370286744233,24.848893879096227,17.310529370708753,0.4375625,3.0,3.0
74.21670290839647,12.770794389792501,23.103994323759302,0.3851875,3.625,3.625
72.28260950180305,8.070122227309255,24.8801887868375,0.1518125,4.0,4.0
74.21670290839647,6.162525031293386,30.769579571097314,0.6339375,4.0,4.0
75.21995504444162,12.112976284073264,31.03890915646486,0.7681875,4.0,4.0
75.82844741389097,5.164418358079522,41.53745574844406,0.7696875,4.0,4.0
72.28260950180305,4.834008206739489,43.40516840607597,0.61675,4.0,4.0
72.28260950180305,3.8810589327005047,41.31240032588727,0.1716875,4.625,4.625
75.18374961169317,4.197137696779337,43.29797060118513,0.582,5.0,5.0
53.91500014305274,13.582681482540824,33.791307708535456,0.3804375,5.0,5.0
29.868052663288445,6.232152196069174,22.081299098749874,0.02825,5.0,5.0
27.57729774937083,7.788696670165056,15.28836007812751,0.0,5.0,5.0
23.92397220829688,12.556511772207077,13.026036368646485,0.0,5.0,5.0
22.634576603901273,16.492694183000992,12.217577115579163,0.0,4.375,4.375
18.98125106282732,0.0,0.0,0.0,4.0,4.0
17.15458829229034,0.0,0.0,0.0,4.0,4.0
13.70432548048421,0.0,0.0,0.0,4.0,4.0
13.442889942541491,0.0,0.0,0.0,4.0,4.0
13.442889942541491,0.0,0.0,0.0,4.0,4.0
13.442889942541491,0.0,0.0,0.0,4.0,4.0
13.442889942541491,0.0,0.0,0.0,4.0,4.0
13.442889942541491,16.659478065606045,6.639266489652095,0.0,4.0,4.0
18.326830565571978,55.427025313036786,9.877297857167997,0.021375,4.0,4.0
36.55479600898829,66.30711628573702,9.21127935632481,0.1704375,4.0,4.0
83.44187019171778,30.643878509159688,20.421992966234118,0.46125,4.0,4.0
74.24267938572663,17.274364786070347,24.952903510007303,0.62325,5.25,5.25
72.28260950180305,10.732206371419041,27.93492538837354,0.733375,6.0,6.0
74.21670290839647,7.400428962131513,30.984500162592767,0.7735,6.0,6.0
75.21995504444162,17.12629465368491,29.16509720377827,0.776,6.0,6.0
75.82844741389097,4.977632175703498,36.156469824376465,0.7696875,6.0,6.0
72.28260950180305,3.755625657125479,37.85980743440346,0.753625,6.0,6.0
72.28260950180305,3.6196763583549227,39.73807421234915,0.7195625,4.125,4.125
75.28765816327737,3.6389620825856674,42.401059792148324,0.630625,3.0,3.0
54.211830257580345,14.116351224722386,33.49486479589708,0.3865625,3.0,3.0
29.955373326333973,8.974004643258112,22.98162115998049,0.02875,3.0,3.0
27.57729774937083,8.889652278669878,17.115883365612408,0.0,3.0,3.0
23.92397220829688,13.126036812169183,14.734919544910381,0.0,3.0,3.0
22.634576603901273,17.413669103790273,13.692472385388248,0.0,3.625,3.625
18.98125106282732,0.0,0.0,0.0,4.0,4.0
17.15458829229034,0.0,0.0,0.0,4.0,4.0
13.70432548048421,0.0,0.0,0.0,4.0,4.0
13.442889942541491,0.0,0.0,0.0,4.0,4.0
13.442889942541491,0.0,0.0,0.0,4.0,4.0
13.442889942541491,0.0,0.0,0.0,2.75,2.75
13.442889942541491,0.0,0.0,0.0,2.0,2.0
13.442889942541491,14.035851858176729,5.53707309725387,0.0,2.0,2.0
18.336058690846233,55.09136937625666,10.438651518373291,0.0451875,2.0,2.0
36.5009962055428,63.608374139367434,10.851309636838499,0.2735625,2.0,2.0
83.70805925511178,30.856166662872987,21.876005011106507,0.510625,2.0,2.0
74.31053915122362,19.32056501340714,25.316221093862836,0.672375,5.125,5.125
72.28260950180305,13.397098371042663,27.285163328595306,0.7636875,7.0,7.0
74.21670290839647,9.49813022207881,29.717548422481876,0.77575,7.0,7.0
75.21995504444162,20.582542193715273,28.13165508338882,0.776,7.0,7.0
75.82844741389097,6.730776030966629,31.971782600876814,0.769875,7.0,7.0
72.28260950180305,4.773772139534251,34.22971077863326,0.7545625,7.0,7.0
72.28260950180305,4.5275057866023305,35.8161412261273,0.72075,6.375,6.375
75.36558957696553,4.555861225580469,37.35766633248181,0.6335,6.0,6.0
54.42700466564569,18.0821909541981,31.837983723167984,0.3919375,6.0,6.0
29.999102802720074,16.4819001867809,19.97427729079687,0.0291875,6.0,6.0
27.57729774937083,16.87001160628582,15.608060283804594,0.0,6.0,6.0
23.92397220829688,21.47494742300017,13.961906835559601,0.0,6.0,6.0
22.634576603901273,23.302612507094757,13.058492738473989,0.0,4.125,4.125
18.98125106282732,0.0,0.0,0.0,3.0,3.0
17.15458829229034,0.0,0.0,0.0,3.0,3.0
13.70432548048421,0.0,0.0,0.0,3.0,3.0
13.442889942541491,0.0,0.0,0.0,3.0,3.0
13.442889942541491,0.0,0.0,0.0,3.0,3.0
13.442889942541491,0.0,0.0,0.0,1.75,1.75
13.442889942541491,0.0,0.0,0.0,1.0,1.0
13.442889942541491,12.28843852073123,2.3124740756080735,0.0,1.0,1.0
18.323473789885515,58.574182307162104,10.63948441336447,0.0223125,1.0,1.0
36.396359706908136,67.18951108819913,11.148502071798738,0.181875,1.0,1.0
83.01851622183531,31.953763904300377,21.23018339207425,0.4375625,1.0,1.0
74.37256177237742,18.78298255636151,23.56680121598424,0.4135625,1.625,1.625
72.28260950180305,9.662610468062589,28.53884756912221,0.7423125,2.0,2.0
74.21670290839647,5.985886674263674,33.33384139479525,0.7766875,2.0,2.0
75.21995504444162,14.914741339966135,32.55626388100963,0.7768125,2.0,2.0
75.82844741389097,3.7967086834461043,41.31041114691068,0.7264375,2.0,2.0
72.28260950180305,2.7842496536347787,40.1197629483449,0.5805625,2.0,2.0
72.28260950180305,2.9952440396762103,42.48264042690577,0.69275,1.375,1.375
75.26168102538132,2.9358403353945923,44.31156837566954,0.5808125,1.0,1.0
53.95034861157866,12.613190397276634,35.07191086992317,0.3926875,1.0,1.0
29.944768785776198,6.402938721233274,24.940044795469294,0.029625,1.0,1.0
27.57729774937083,6.499420583724745,19.041002914137476,0.0,1.0,1.0
23.92397220829688,10.267897483255464,16.32389746778348,0.0,1.0,1.0
22.634576603901273,13.902494325916612,14.7909458118327,0.0,1.625,1.625
18.98125106282732,0.0,0.0,0.0,2.0,2.0
17.15458829229034,0.0,0.0,0.0,2.0,2.0
13.70432548048421,0.0,0.0,0.0,2.0,2.0
13.442889942541491,0.0,0.0,0.0,2.0,2.0
13.442889942541491,0.0,0.0,0.0,2.0,2.0
13.442889942541491,0.0,0.0,0.0,0.75,0.75
13.442889942541491,0.0,0.0,0.0,0.0,0.0
13.442889942541491,7.528158325938794,2.433804111134971,0.0,0.0,0.0
18.27250777939314,46.53105820151816,11.441077125396074,0.0316875,0.0,0.0
35.88723535982201,57.34255845989729,11.949216818826415,0.12675,0.0,0.0
82.73612176791933,27.06218590621206,20.035203528693447,0.0925,0.0,0.0
74.21670290839647,11.33666855751342,25.772431744718073,0.32775,0.0,0.0
72.28260950180305,6.099781425458936,28.472764308673803,0.1385,0.0,0.0
74.21670290839647,4.229690141521286,36.704311609362655,0.590625,0.0,0.0
75.21995504444162,12.644727978236467,38.95062406703987,0.7653125,0.0,0.0
75.82844741389097,3.3120309058953037,49.65517535385432,0.763,0.0,0.0
72.28260950180305,3.2973629564910536,51.37611171077415,0.727,0.0,0.0
72.28260950180305,3.103307054029128,50.89067948777202,0.7199375,1.875,1.875
75.18374961169317,2.8064988278892677,51.989849109220366,0.6391875,3.0,3.0
53.83529175981684,11.510373759462274,40.18944707376759,0.4026875,3.0,3.0
29.868052663288445,2.8509035520816086,28.35402853157516,0.0300625,3.0,3.0
27.57729774937083,3.573933006639354,23.225046007028826,0.0,3.0,3.0
23.92397220829688,6.2201614667741305,18.999414837101842,0.0,3.0,3.0
22.634576603901273,9.881452598673897,17.25042030691214,0.0,3.625,3.625
18.98125106282732,0.0,0.0,0.0,4.0,4.0
17.15458829229034,0.0,0.0,0.0,4.0,4.0
13.70432548048421,0.0,0.0,0.0,4.0,4.0
10.350306470193523,0.0,0.0,0.0,4.0,4.0
10.350306470193523,0.0,0.0,0.0,4.0,4.0
10.350306470193523,0.0,0.0,0.0,3.375,3.375
10.350306470193523,0.0,0.0,0.0,3.0,3.0
10.350306470193523,7.887818629395338,2.7787785656384667,0.0,3.0,3.0
18.263279654118886,34.873298802112636,12.336449581400075,0.0358125,3.0,3.0
23.559762700223526,39.60295748991961,11.354168404790581,0.14325,3.0,3.0
32.324212255406245,23.215648879681826,11.159619544462377,0.102125,3.0,3.0
34.55185640433484,12.698964795516916,16.049550932784168,0.36075,4.875,4.875
33.58480970103814,8.424668942175035,14.83701650553683,0.0300625,6.0,6.0
35.84125200873044,4.7610235853558125,17.925053182282653,0.1335,6.0,6.0
24.492573044144226,4.5283358308785475,19.474202955405218,0.6789375,6.0,6.0
21.913781835353017,2.165540333964588,22.29856432526073,0.76675,6.0,6.0
20.302037329858514,1.3902999735140282,26.493223367072243,0.75575,6.0,6.0
19.012641725462906,0.9994793109914448,27.444541414090335,0.59725,6.625,6.625
19.33499062656181,0.6206785295318514,25.543942576105515,0.1373125,7.0,7.0
14.884743942671285,0.0,31.84401496641025,0.366,7.0,7.0
13.274600862706404,0.0,0.0,0.0305,7.0,7.0
10.611742008136241,0.0,0.0,0.0,7.0,7.0
10.350306470193523,0.0,0.0,0.0,7.0,7.0
10.350306470193523,0.0,0.0,0.0,5.75,5.75
10.350306470193523,0.0,0.0,0.0,5.0,5.0
10.350306470193523,0.0,0.0,0.0,5.0,5.0
10.350306470193523,0.0,0.0,0.0,5.0,5.0
10.350306470193523,0.0,0.0,0.0,5.0,5.0
10.350306470193523,0.0,0.0,0.0,5.0,5.0
10.350306470193523,0.0,0.0,0.0,5.625,5.625
10.350306470193523,0.0,0.0,0.0,6.0,6.0
10.350306470193523,0.0,0.0,0.0,6.0,6.0
13.093076954165076,0.0,0.0,0.0365625,6.0,6.0
13.015056091643183,0.0,0.0,0.2814375,6.0,6.0
12.933047904492726,0.0,0.0,0.6429375,6.0,6.0
12.933047904492726,0.0,0.0,0.5123125,4.75,4.75
12.933047904492726,0.0,0.0,0.459,4.0,4.0
12.933047904492726,0.0,0.0,0.03575,4.0,4.0
12.933047904492726,0.0,0.0,0.0,4.0,4.0
12.933047904492726,0.0,0.0,0.1425,4.0,4.0
12.933047904492726,0.0,0.0,0.57,4.0,4.0
12.933047904492726,0.0,0.0,0.0475,5.25,5.25
12.933047904492726,0.0,0.0,0.0,6.0,6.0
12.94394480091572,0.0,0.0,0.0,6.0,6.0
10.547140276859597,0.0,0.0,0.0,6.0,6.0
10.350306470193523,0.0,0.0,0.0,6.0,6.0
10.350306470193523,0.0,0.0,0.0,6.0,6.0
10.350306470193523,0.0,0.0,0.0,4.75,4.75
10.350306470193523,0.0,0.0,0.0,4.0,4.0
10.350306470193523,0.0,0.0,0.0,4.0,4.0
10.350306470193523,0.0,0.0,0.0,4.0,4.0
13.442889942541491,0.0,0.0,0.0,4.0,4.0
13.442889942541491,0.0,0.0,0.0,4.0,4.0
13.442889942541491,0.0,0.0,0.0,3.375,3.375
13.442889942541491,0.0,0.0,0.0,3.0,3.0
13.442889942541491,13.671641340454693,3.3747996668128666,0.0,3.0,3.0
18.324592715114335,57.9183462329214,8.938051784264715,0.0275625,3.0,3.0
36.368535225394396,69.7373945094939,6.631985271004441,0.2038125,3.0,3.0
83.32843476161543,27.968488647368734,17.89758287504564,0.50625,3.0,3.0
74.23260971923314,15.467688144037847,24.300756983737088,0.6668125,4.25,4.25
72.28260950180305,9.970241558288835,28.520512771258492,0.764125,5.0,5.0
74.21670290839647,7.118268154003394,30.29500061930206,0.77675,5.0,5.0
75.21995504444162,16.293929596882826,28.808710230291183,0.777,5.0,5.0
75.82844741389097,4.80397668850852,36.84526374447431,0.770875,5.0,5.0
72.28260950180305,4.24653646091213,38.96485755080612,0.7559375,5.0,5.0
72.28260950180305,4.147281073084697,40.54628729067546,0.7249375,5.625,5.625
75.28765816327737,4.223830181733103,43.323634841881436,0.64775,6.0,6.0
54.140068635645285,13.099218810717586,34.11624146668609,0.4188125,6.0,6.0
29.911643849947875,3.8537540129711467,23.584865279105024,0.031375,6.0,6.0
27.57729774937083,5.308154313758978,17.173692362762964,0.0,6.0,6.0
23.92397220829688,8.255937047359353,14.137735429899076,0.0,6.0,6.0
22.634576603901273,9.929897802859028,13.097983398348065,0.0,3.5,3.5
18.98125106282732,0.0,0.0,0.0,2.0,2.0
17.15458829229034,0.0,0.0,0.0,2.0,2.0
13.70432548048421,0.0,0.0,0.0,2.0,2.0
13.442889942541491,0.0,0.0,0.0,2.0,2.0
13.442889942541491,0.0,0.0,0.0,2.0,2.0
13.442889942541491,0.0,0.0,0.0,3.25,3.25
13.442889942541491,0.0,0.0,0.0,4.0,4.0
13.442889942541491,5.067038128750852,2.4972508605443418,0.0,4.0,4.0
18.251814283708423,31.984168003884612,11.338735363316482,0.036,4.0,4.0
35.79437461020914,45.73529165740324,10.803192961732009,0.144,4.0,4.0
82.66402948027202,17.37735907403707,21.224254444638458,0.0961875,4.0,4.0
74.21670290839647,7.499537681861282,28.343958771789712,0.4520625,4.625,4.625
72.28260950180305,4.895616298692491,33.85952414089119,0.60275,5.0,5.0
74.21670290839647,4.1168524488699205,39.74310592849832,0.6346875,5.0,5.0
75.21995504444162,6.668213909367106,41.69384900254079,0.75275,5.0,5.0
75.82844741389097,3.58928396279376,51.26559866528858,0.76975,5.0,5.0
72.28260950180305,3.5938891370415864,53.08156415523614,0.756125,5.0,5.0
72.28260950180305,3.481478942667906,53.5258147557348,0.725875,6.25,6.25
75.18374961169317,3.20946193829909,56.21260353592777,0.649875,7.0,7.0
53.74473506491038,5.202075857036824,46.21869841969266,0.424125,7.0,7.0
29.824463292593318,0.06024253624244192,34.569681073740234,0.0318125,7.0,7.0
27.57729774937083,0.18847831507998764,29.126173876191768,0.0,7.0,7.0
23.92397220829688,1.2808391870600024,24.50659452214222,0.0,7.0,7.0
22.634576603901273,2.3449759801526904,21.278788500520047,0.0,6.375,6.375
18.98125106282732,0.0,0.0,0.0,6.0,6.0
17.15458829229034,0.0,0.0,0.0,6.0,6.0
13.70432548048421,0.0,0.0,0.0,6.0,6.0
13.442889942541491,0.0,0.0,0.0,6.0,6.0
13.442889942541491,0.0,0.0,0.0,6.0,6.0
13.442889942541491,0.0,0.0,0.0,6.625,6.625
13.442889942541491,0.0,0.0,0.0,7.0,7.0
13.442889942541491,0.0,0.0,0.0,7.0,7.0
18.294320805628114,17.20179666231385,17.03799525249197,0.008625,7.0,7.0
35.96156926462779,32.49970626831128,14.229057760004501,0.0496875,7.0,7.0
82.86016701022695,9.235378783524895,26.751956996899388,0.0833125,7.0,7.0
74.21670290839647,4.66215893289308,30.20702246682718,0.10725,7.625,7.625
72.28260950180305,2.9623056376950827,33.55131908120383,0.1003125,8.0,8.0
74.21670290839647,2.500701188252229,36.691913140667666,0.0366875,8.0,8.0
75.21995504444162,9.833665773953731,38.58658511358478,0.14625,8.0,8.0
75.82844741389097,1.7987266651752762,44.046388988087706,0.164875,8.0,8.0
72.28260950180305,1.6350203639502396,43.50489919722528,0.13925,8.0,8.0
72.28260950180305,1.1164626397861357,42.973490843483795,0.04675,5.5,5.5
75.18374961169317,1.2168656613178954,45.08655259449622,0.1905,4.0,4.0
53.645571735750224,11.087510758028376,37.92011340260613,0.198,4.0,4.0
29.64954538704892,2.7948043266911977,25.73326360183353,0.0155,4.0,4.0
27.57729774937083,2.447006821297642,19.95842915724128,0.0,4.0,4.0
23.92397220829688,4.77284904536058,18.355314510673747,0.0,4.0,4.0
22.634576603901273,6.008528689005981,17.69737828660256,0.0,2.75,2.75
18.98125106282732,0.0,0.0,0.0,2.0,2.0
17.15458829229034,0.0,0.0,0.0,2.0,2.0
13.70432548048421,0.0,0.0,0.0,2.0,2.0
13.442889942541491,0.0,0.0,0.0,2.0,2.0
13.442889942541491,0.0,0.0,0.0,2.0,2.0
13.442889942541491,0.0,0.0,0.0,0.75,0.75
13.442889942541491,0.0,0.0,0.0,0.0,0.0
13.442889942541491,0.0,0.0,0.0,0.0,0.0
18.205343354312745,25.848909543421133,16.616189169186573,0.030375,0.0,0.0
35.374417774953706,36.781617066798965,13.516821003922383,0.174,0.0,0.0
82.59777433696789,12.590786790077992,28.94708680940535,0.220125,0.0,0.0
74.21670290839647,6.145019175487164,28.501010049781787,0.0175,1.25,1.25
72.28260950180305,4.0110107728875635,31.51689402646405,0.0,2.0,2.0
74.21670290839647,2.596986400914068,36.87925176909947,0.0,2.0,2.0
75.21995504444162,11.27706382373583,39.15653690963649,0.1063125,2.0,2.0
75.82844741389097,2.807655974082316,47.68318447887283,0.42525,2.0,2.0
72.28260950180305,1.9762321419882845,46.14586679693125,0.0354375,2.0,2.0
72.28260950180305,1.4115888272586543,45.539113679928846,0.1246875,2.0,2.0
75.18374961169317,2.214531582594635,50.86195536110638,0.49875,2.0,2.0
53.70418906468321,10.866290320475025,42.55086291368537,0.0415625,2.0,2.0
29.713414196422008,2.3896326105585297,29.492194841063817,0.0,2.0,2.0
27.57729774937083,1.7015097142031752,21.51526324587107,0.0,2.0,2.0
23.92397220829688,4.763844682542251,18.939998352059995,0.0,2.0,2.0
22.634576603901273,7.5614122939854465,17.880346727768416,0.0,2.0,2.0
18.98125106282732,0.0,0.0,0.0,2.0,2.0
17.15458829229034,0.0,0.0,0.0,2.0,2.0
13.70432548048421,0.0,0.0,0.0,2.0,2.0
13.442889942541491,0.0,0.0,0.0,2.0,2.0
13.442889942541491,0.0,0.0,0.0,2.0,2.0
13.442889942541491,0.0,0.0,0.0,0.75,0.75
13.442889942541491,0.0,0.0,0.0,0.0,0.0
13.442889942541491,0.0,0.0,0.0,0.0,0.0
18.294810341772994,30.8409402637529,16.410593904911465,0.0230625,0.0,0.0
35.92036029565033,43.3515258639026,13.399051584407927,0.190875,0.0,0.0
82.62798333644837,17.772898304706807,27.54757211510889,0.4531875,0.0,0.0
74.22677257488996,8.7419701956281,29.461936666447844,0.3814375,0.625,0.625
72.28260950180305,4.415006619933436,35.64597791870223,0.741125,1.0,1.0
74.21670290839647,3.305978875214273,42.27847020225688,0.706125,1.0,1.0
75.21995504444162,11.713469806169694,39.59985067930096,0.4256875,1.0,1.0
75.82844741389097,1.8246678956663982,45.747868014434744,0.48475,1.0,1.0
72.28260950180305,2.172484325029598,50.22728364834174,0.683625,1.0,1.0
72.28260950180305,1.8537022731469877,48.33319834477941,0.486125,2.25,2.25
75.18374961169317,1.682432739124073,49.25541103523546,0.49925,3.0,3.0
53.582250136503774,10.830292906496444,42.62533051761144,0.4276875,3.0,3.0
29.73700433982112,1.28977659293309,31.279394058959078,0.0330625,3.0,3.0
27.57729774937083,1.5300508783003521,25.67540413474392,0.0,3.0,3.0
23.92397220829688,3.7504745109159168,21.19173333227923,0.0,3.0,3.0
22.634576603901273,5.7942678139774255,19.253995178661643,0.0,1.75,1.75
18.98125106282732,0.0,0.0,0.0,1.0,1.0
17.15458829229034,0.0,0.0,0.0,1.0,1.0
13.70432548048421,0.0,0.0,0.0,1.0,1.0
10.350306470193523,0.0,0.0,0.0,1.0,1.0
10.350306470193523,0.0,0.0,0.0,1.0,1.0
10.350306470193523,0.0,0.0,0.0,3.5,3.5
10.350306470193523,0.0,0.0,0.0,5.0,5.0
10.350306470193523,4.993363185671939,2.8063173681735,0.0,5.0,5.0
18.235872607061246,26.164329351419532,16.026011722954905,0.0331875,5.0,5.0
23.52283572840545,30.011282659129435,13.410456573269602,0.2278125,5.0,5.0
32.29877065214037,14.113005359016846,17.707951556529036,0.463125,5.0,5.0
34.55185640433484,8.121484548752761,19.830974931189086,0.3189375,5.625,5.625
33.58480970103814,4.71830770170701,18.91944359777648,0.11975,6.0,6.0
35.84125200873044,2.3972032032865234,24.08426093091208,0.529125,6.0,6.0
24.492573044144226,1.4952745401424976,22.819658185092955,0.726625,6.0,6.0
21.913781835353017,0.6315469920442758,25.805073161726423,0.609625,6.0,6.0
20.302037329858514,0.49701392653767634,28.361441096755673,0.5020625,6.0,6.0
19.012641725462906,0.3472804993322986,25.833689860135248,0.03875,6.0,6.0
19.33499062656181,0.6131801521863611,21.812139192899558,0.0,6.0,6.0
14.879157132737946,0.0054230592851981785,30.67370674717304,0.0,6.0,6.0
13.159666737490731,0.0,0.0,0.0,6.0,6.0
10.611742008136241,0.0,0.0,0.0,6.0,6.0
10.350306470193523,0.0,0.0,0.0,6.0,6.0
10.350306470193523,0.0,0.0,0.0,4.125,4.125
10.350306470193523,0.0,0.0,0.0,3.0,3.0
10.350306470193523,0.0,0.0,0.0,3.0,3.0
10.350306470193523,0.0,0.0,0.0,3.0,3.0
10.350306470193523,0.0,0.0,0.0,3.0,3.0
10.350306470193523,0.0,0.0,0.0,3.0,3.0
10.350306470193523,0.0,0.0,0.0,4.25,4.25
10.350306470193523,0.0,0.0,0.0,5.0,5.0
10.350306470193523,0.0,0.0,0.0,5.0,5.0
13.096571788912666,0.0,0.0,0.011625,5.0,5.0
13.041130982910518,0.0,0.0,0.065625,5.0,5.0
12.946741563516193,0.0,0.0,0.105125,5.0,5.0
12.933047904492726,0.0,0.0,0.134625,5.0,5.0
12.933047904492726,0.0,0.0,0.12525,5.0,5.0
12.933047904492726,0.0,0.0,0.0455625,5.0,5.0
12.933047904492726,0.0,0.0,0.1815,5.0,5.0
12.933047904492726,0.0,0.0,0.204875,5.0,5.0
12.933047904492726,0.0,0.0,0.214125,5.0,5.0
12.933047904492726,0.0,0.0,0.2244375,5.0,5.0
12.933047904492726,0.0,0.0,0.2484375,5.0,5.0
12.94394480091572,0.0,0.0,0.239125,5.0,5.0
10.519935040070031,0.0,0.0,0.0186875,5.0,5.0
10.350306470193523,0.0,0.0,0.0,5.0,5.0
10.350306470193523,0.0,0.0,0.0,5.0,5.0
10.350306470193523,0.0,0.0,0.0,3.75,3.75
10.350306470193523,0.0,0.0,0.0,3.0,3.0
10.350306470193523,0.0,0.0,0.0,3.0,3.0
10.350306470193523,0.0,0.0,0.0,3.0,3.0
13.442889942541491,0.0,0.0,0.0,3.0,3.0
13.442889942541491,0.0,0.0,0.0,3.0,3.0
13.442889942541491,0.0,0.0,0.0,3.625,3.625
13.442889942541491,2.2976153455250334,0.8970569027013477,0.0,4.0,4.0
13.442889942541491,18.819013884668998,3.2404299171844864,0.0,4.0,4.0
18.234753681832423,66.17913858416752,6.674690877125005,0.0346875,4.0,4.0
35.742794634475175,76.57762713634867,6.06406371087107,0.13875,4.0,4.0
82.68840133540931,33.96452074089242,12.730643709945292,0.0845,4.0,4.0
74.21670290839647,17.631379688348613,17.85146067462165,0.3945,4.0,4.0
72.28260950180305,10.60647907834186,23.69683626691244,0.53225,4.0,4.0
74.21670290839647,6.807724616660924,27.521423395896857,0.5481875,4.0,4.0
75.21995504444162,16.412393405744716,26.147831639543515,0.649375,4.0,4.0
75.82844741389097,4.996682710827491,35.03468669985727,0.63175,4.0,4.0
72.28260950180305,4.809692616428296,37.39637765189598,0.7375625,4.0,4.0
72.28260950180305,4.904829065953457,40.37226913299946,0.729125,4.0,4.0
75.18374961169317,5.127051968459514,45.811273071834925,0.6635625,4.0,4.0
53.709386596384455,13.64617326818193,34.88142553307994,0.4516875,4.0,4.0
29.496649171536106,3.5999420288950943,22.454217069769385,0.0340625,4.0,4.0
27.57729774937083,4.620940701510745,16.147572038208946,0.0,4.0,4.0
23.92397220829688,7.442403417145117,13.084615517586913,0.0,4.0,4.0
22.634576603901273,9.839181549798944,11.795934191443376,0.0,3.375,3.375
18.98125106282732,0.0,0.0,0.0,3.0,3.0
17.15458829229034,0.0,0.0,0.0,3.0,3.0
13.70432548048421,0.0,0.0,0.0,3.0,3.0
13.442889942541491,0.0,0.0,0.0,3.0,3.0
13.442889942541491,0.0,0.0,0.0,3.0,3.0
13.442889942541491,0.0,0.0,0.0,3.0,3.0
13.442889942541491,0.0,0.0,0.0,3.0,3.0
13.442889942541491,2.2188868885268516,1.572522890470685,0.0,3.0,3.0
18.24733797747171,28.3127064747033,11.169743603394,0.0245625,3.0,3.0
35.90834491437578,43.55088585251335,10.125523861833061,0.19425,3.0,3.0
82.62798333644837,13.045763814305742,25.720546870836984,0.515,3.0,3.0
74.21670290839647,5.86715528220273,31.27821449201454,0.668,3.0,3.0
72.28260950180305,4.2195197281339825,35.86585675716229,0.68725,3.0,3.0
74.21670290839647,3.2493051919029114,38.24225887478947,0.3908125,3.0,3.0
75.21995504444162,12.393105185049482,37.11463652470529,0.4608125,3.0,3.0
75.82844741389097,3.2488116575215695,45.34402366441378,0.7478125,3.0,3.0
72.28260950180305,3.4027363932642123,47.015762365964136,0.705,3.0,3.0
72.28260950180305,2.9748845918756346,46.603630521776196,0.47925,4.25,4.25
75.18374961169317,2.7467191420197667,48.42864668585197,0.496,5.0,5.0
53.741492573923004,9.763132755768803,41.819761136294304,0.442875,5.0,5.0
29.359798717152522,0.22003177604206564,30.45113170703155,0.034375,5.0,5.0
27.57729774937083,0.6173203762679842,24.996043791030157,0.0,5.0,5.0
23.92397220829688,2.131880493730882,20.50775608868974,0.0,5.0,5.0
22.634576603901273,3.558562351906922,18.18296377416977,0.0,3.75,3.75
18.98125106282732,0.0,0.0,0.0,3.0,3.0
17.15458829229034,0.0,0.0,0.0,3.0,3.0
13.70432548048421,0.0,0.0,0.0,3.0,3.0
13.442889942541491,0.0,0.0,0.0,3.0,3.0
13.442889942541491,0.0,0.0,0.0,3.0,3.0
13.442889942541491,0.0,0.0,0.0,2.375,2.375
13.442889942541491,0.0,0.0,0.0,2.0,2.0
13.442889942541491,0.0,0.0,0.0,2.0,2.0
18.27649096172911,23.21153561760986,16.17503916534142,0.032625,2.0,2.0
36.32226361839081,36.5287221979126,13.11757420624259,0.2304375,2.0,2.0
82.95065645633834,12.592776343332076,28.546578567143865,0.5383125,2.0,2.0
74.21670290839647,4.865447702060267,33.90326086295547,0.6888125,2.625,2.625
72.28260950180305,3.1702704439514533,38.54765046398474,0.7095,3.0,3.0
74.21670290839647,2.3321595940755158,41.92171119620955,0.5460625,3.0,3.0
75.21995504444162,5.571048846455073,43.26161058869808,0.7586875,3.0,3.0
75.82844741389097,2.3443450234126386,50.202009220469485,0.7720625,3.0,3.0
72.28260950180305,2.4299251211339863,50.618096499737455,0.7584375,3.0,3.0
72.28260950180305,2.395058156888129,52.46162566444505,0.73125,3.625,3.625
75.19381993875255,2.099512016856757,56.643394653984046,0.66775,4.0,4.0
54.07625377501105,6.4812400842577,48.165633144003166,0.459375,4.0,4.0
29.780733816207217,0.0,37.08679371494122,0.0346875,4.0,4.0
27.57729774937083,0.0298829122176212,32.265677685663576,0.0,4.0,4.0
23.92397220829688,0.5814159309022299,27.37134598035565,0.0,4.0,4.0
22.634576603901273,1.3488948332423134,23.677733325004112,0.0,2.75,2.75
18.98125106282732,0.0,0.0,0.0,2.0,2.0
17.15458829229034,0.0,0.0,0.0,2.0,2.0
13.70432548048421,0.0,0.0,0.0,2.0,2.0
13.442889942541491,0.0,0.0,0.0,2.0,2.0
13.442889942541491,0.0,0.0,0.0,2.0,2.0
13.442889942541491,0.0,0.0,0.0,0.75,0.75
13.442889942541491,0.0,0.0,0.0,0.0,0.0
13.442889942541491,0.0,0.0,0.0,0.0,0.0
18.126097704219777,17.5031733316957,18.428167940205725,0.04125,0.0,0.0
35.34260415328038,29.93602301194173,15.923231198781258,0.165,0.0,0.0
82.65819233592885,10.669617668304706,27.51739388487602,0.01375,0.0,0.0
74.21670290839647,4.84720732459765,31.11613199405128,0.0,1.25,1.25
72.28260950180305,2.727994631628629,35.25537437647047,0.0,2.0,2.0
74.21670290839647,2.0571287422188256,41.10293317884349,0.1194375,2.0,2.0
75.21995504444162,5.237026023169253,44.913402005522116,0.47775,2.0,2.0
75.82844741389097,1.5993267148355332,48.25933463073129,0.0398125,2.0,2.0
72.28260950180305,1.3892480632952904,47.14168416817882,0.138375,2.0,2.0
72.28260950180305,2.2168255530610184,53.28290185694256,0.5535,3.25,3.25
75.18374961169317,1.4115255196197574,51.70349966067993,0.046125,4.0,4.0
53.572522663541655,6.869471859369056,45.3922362962162,0.0,4.0,4.0
28.26385477534962,0.04563382850829384,37.04446787911237,0.0,4.0,4.0
27.57729774937083,0.0182397997167227,32.93017964239596,0.0,4.0,4.0
23.92397220829688,0.5082628076533783,27.308095841798327,0.0,4.0,4.0
22.634576603901273,1.033518327094081,23.9555030980542,0.0,2.125,2.125
18.98125106282732,0.0,0.0,0.0,1.0,1.0
17.15458829229034,0.0,0.0,0.0,1.0,1.0
13.70432548048421,0.0,0.0,0.0,1.0,1.0
13.442889942541491,0.0,0.0,0.0,1.0,1.0
13.442889942541491,0.0,0.0,0.0,1.0,1.0
13.442889942541491,0.0,0.0,0.0,0.375,0.375
13.442889942541491,0.0,0.0,0.0,0.0,0.0
13.442889942541491,0.0,0.0,0.0,0.0,0.0
18.288450061361758,6.519222701397478,25.719499239900138,0.0,0.0,0.0
36.209458737308786,23.057439458881095,18.624195524838083,0.0,0.0,0.0
83.04944609977176,6.336864975549201,31.67410673270523,0.0,0.0,0.0
74.22677257488996,3.713206882400414,32.86350651744708,0.0,1.25,1.25
72.28260950180305,2.6249853867811623,34.71189949208679,0.0,2.0,2.0
74.21670290839647,1.7653623879747866,38.57106287635738,0.0,2.0,2.0
75.21995504444162,11.544472546114317,39.3689510964746,0.0,2.0,2.0
75.82844741389097,1.3739355005332428,42.757609594288894,0.0,2.0,2.0
72.28260950180305,0.6173916465950642,41.72445822968566,0.0,2.0,2.0
72.28260950180305,0.4441749328442548,42.34919256686947,0.0,1.375,1.375
75.24417157404949,0.4259436691156243,44.45034578164602,0.0,1.0,1.0
53.84291077035181,10.460998072558601,38.02450173263757,0.0,1.0,1.0
29.070019510359412,1.0074715781186556,28.255701500553158,0.0,1.0,1.0
27.57729774937083,0.5382568800023401,24.22820449638472,0.0,1.0,1.0
23.92397220829688,1.1365162875419532,21.391180671295746,0.0,1.0,1.0
22.634576603901273,2.9108730699790866,19.583535060307224,0.0,2.875,2.875
18.98125106282732,0.0,0.0,0.0,4.0,4.0
17.15458829229034,0.0,0.0,0.0,4.0,4.0
13.70432548048421,0.0,0.0,0.0,4.0,4.0
10.350306470193523,0.0,0.0,0.0,4.0,4.0
10.350306470193523,0.0,0.0,0.0,4.0,4.0
10.350306470193523,0.0,0.0,0.0,3.375,3.375
10.350306470193523,0.0,0.0,0.0,3.0,3.0
10.350306470193523,0.0,0.0,0.0,3.0,3.0
18.15437734382037,15.007144875627594,17.956040782085985,0.02775,3.0,3.0
23.418301653929582,19.2726237826287,14.558443584259688,0.111,3.0,3.0
32.35743671779635,9.788154684713986,15.173405064781274,0.00925,3.0,3.0
34.55185640433484,4.455485763152639,17.734878037886457,0.06375,3.0,3.0
33.58480970103814,0.8717249322254257,27.740853981083855,0.255,3.0,3.0
35.84125200873044,0.018514538183191688,27.43652131033492,0.02125,3.0,3.0
24.492573044144226,0.0,26.353348452969968,0.082875,3.0,3.0
21.913781835353017,0.0,33.31266318413023,0.418125,3.0,3.0
20.302037329858514,0.010458150490385378,36.07807143260041,0.374125,3.0,3.0
19.012641725462906,0.0,33.34604859286709,0.028875,6.125,6.125
19.33499062656181,0.0,28.010213617949233,0.0,8.0,8.0
14.882602944007475,0.0,32.14240455033205,0.0,8.0,8.0
13.07755265779915,0.0,0.0,0.0,8.0,8.0
10.611742008136241,0.0,0.0,0.0,8.0,8.0
10.350306470193523,0.0,0.0,0.0,8.0,8.0
10.350306470193523,0.0,0.0,0.0,4.25,4.25
10.350306470193523,0.0,0.0,0.0,2.0,2.0
10.350306470193523,0.0,0.0,0.0,2.0,2.0
10.350306470193523,0.0,0.0,0.0,2.0,2.0
10.350306470193523,0.0,0.0,0.0,2.0,2.0
10.350306470193523,0.0,0.0,0.0,2.0,2.0
10.350306470193523,0.0,0.0,0.0,2.625,2.625
10.350306470193523,0.0,0.0,0.0,3.0,3.0
10.350306470193523,0.0,0.0,0.0,3.0,3.0
13.110275917762921,0.0,0.0,0.0,3.0,3.0
13.0412685622251,0.0,0.0,0.0,3.0,3.0
12.94426871973151,0.0,0.0,0.0,3.0,3.0
12.933047904492726,0.0,0.0,0.0,3.625,3.625
12.933047904492726,0.0,0.0,0.0,4.0,4.0
12.933047904492726,0.0,0.0,0.0,4.0,4.0
12.933047904492726,0.0,0.0,0.0,4.0,4.0
12.933047904492726,0.0,0.0,0.0,4.0,4.0
12.933047904492726,0.0,0.0,0.0,4.0,4.0
12.933047904492726,0.0,0.0,0.0,4.625,4.625
12.933047904492726,0.0,0.0,0.0,5.0,5.0
12.94762582570092,0.0,0.0,0.0,5.0,5.0
10.50956369596812,0.0,0.0,0.0,5.0,5.0
10.350306470193523,0.0,0.0,0.0,5.0,5.0
10.350306470193523,0.0,0.0,0.0,5.0,5.0
10.350306470193523,0.0,0.0,0.0,3.75,3.75
10.350306470193523,0.0,0.0,0.0,3.0,3.0
10.350306470193523,0.0,0.0,0.0,3.0,3.0
10.350306470193523,0.0,0.0,0.0,3.0,3.0
13.442889942541491,0.0,0.0,0.0,3.0,3.0
13.442889942541491,0.0,0.0,0.0,3.0,3.0
13.442889942541491,0.0,0.0,0.0,3.625,3.625
13.442889942541491,0.0,0.0,0.0,4.0,4.0
13.442889942541491,8.773502770284225,1.965289485167483,0.0,4.0,4.0
18.204796219759395,49.16108869869605,9.337159838031846,0.0,4.0,4.0
35.49228632165037,63.35217146344559,6.92322403106958,0.0635625,4.0,4.0
82.62798333644837,22.053854533315068,18.089860169481565,0.3624375,4.0,4.0
74.21670290839647,10.68544733964625,24.474662714583054,0.5476875,4.625,4.625
72.28260950180305,6.241993394838238,28.17737512042648,0.4110625,5.0,5.0
74.21670290839647,4.413196271874916,29.64043929365302,0.1458125,5.0,5.0
75.21995504444162,14.562005386073734,30.847895422373053,0.603375,5.0,5.0
75.82844741389097,4.195513045183957,39.609367694722515,0.76175,5.0,5.0
72.28260950180305,4.141067492132978,41.457285166120485,0.7531875,5.0,5.0
72.28260950180305,4.166658992073901,43.59032327011211,0.5779375,5.0,5.0
75.18374961169317,3.5328702405731636,44.64318052971976,0.152375,5.0,5.0
53.53336028053292,12.83919472138876,36.813141057979706,0.43275,5.0,5.0
28.278350305092253,1.8071379765729043,25.614468243701698,0.0360625,5.0,5.0
27.57729774937083,2.7003358636944492,19.127916571933238,0.0,5.0,5.0
23.92397220829688,6.055593098290438,15.08275213200564,0.0,5.0,5.0
22.634576603901273,8.26771381294877,13.714686617527066,0.0,3.75,3.75
18.98125106282732,0.0,0.0,0.0,3.0,3.0
17.15458829229034,0.0,0.0,0.0,3.0,3.0
13.70432548048421,0.0,0.0,0.0,3.0,3.0
13.442889942541491,0.0,0.0,0.0,3.0,3.0
13.442889942541491,0.0,0.0,0.0,3.0,3.0
13.442889942541491,0.0,0.0,0.0,3.0,3.0
13.442889942541491,0.0,0.0,0.0,3.0,3.0
13.442889942541491,0.0,0.0,0.0,3.0,3.0
18.11156791398807,24.223006334094404,13.10895141526765,0.114375,3.0,3.0
35.284712593941435,35.46562984152328,15.040480603112217,0.563375,3.0,3.0
82.59777433696789,10.68728028762421,29.97816775744443,0.67475,3.0,3.0
74.21670290839647,4.682169135899017,33.33191419568132,0.4938125,3.0,3.0
72.28260950180305,3.319596809645817,37.05771361203515,0.433875,3.0,3.0
74.21670290839647,2.735996803074741,40.81035575276873,0.1573125,3.0,3.0
75.21995504444162,11.817487361127007,41.673490419402256,0.49425,3.0,3.0
75.82844741389097,2.571590829005602,46.08345207842032,0.178625,3.0,3.0
72.28260950180305,2.9043595644835114,47.00688265823114,0.54975,3.0,3.0
72.28260950180305,2.4550978923517977,46.9085928907235,0.0458125,4.25,4.25
75.18374961169317,2.01298161129238,47.91863206767112,0.1089375,5.0,5.0
53.53336028053292,10.714128197902111,43.2592851371681,0.4700625,5.0,5.0
28.35939298445599,0.2756052151787502,33.981462703740036,0.1735625,5.0,5.0
27.57729774937083,0.08720396900900892,28.353806836683788,0.0,5.0,5.0
23.92397220829688,1.0191511937792634,22.490635931491646,0.0,5.0,5.0
22.634576603901273,1.993219687603754,19.69509154874002,0.0,3.125,3.125
18.98125106282732,0.0,0.0,0.0,2.0,2.0
17.15458829229034,0.0,0.0,0.0,2.0,2.0
13.70432548048421,0.0,0.0,0.0,2.0,2.0
13.442889942541491,0.0,0.0,0.0,2.0,2.0
13.442889942541491,0.0,0.0,0.0,2.0,2.0
13.442889942541491,0.0,0.0,0.0,1.375,1.375
13.442889942541491,0.0,0.0,0.0,1.0,1.0
13.442889942541491,0.0,0.0,0.00175,1.0,1.0
18.222168780871705,17.839619518230325,17.487513474920743,0.06975,1.0,1.0
35.925401995349816,30.717811342561845,15.995480252975069,0.3261875,1.0,1.0
82.72181957927552,9.269038393414869,31.679821488781943,0.483625,1.0,1.0
74.21670290839647,3.744628985489557,36.082186268181786,0.6013125,1.0,1.0
72.28260950180305,2.7173845033599244,40.0896018802996,0.6993125,1.0,1.0
74.21670290839647,2.3446504287742864,45.203301101607714,0.76875,1.0,1.0
75.21995504444162,7.133250670430182,46.88999967550294,0.7769375,1.0,1.0
75.82844741389097,2.010469438605879,53.15954983220544,0.7721875,1.0,1.0
72.28260950180305,2.0523817105645503,53.001189063191454,0.714,1.0,1.0
72.28260950180305,1.7613102082933345,50.774992236897496,0.5520625,4.125,4.125
75.18374961169317,1.7368386232068151,56.108863948819454,0.6643125,6.0,6.0
53.71822371351593,6.428912920384699,49.28464643571759,0.5178125,6.0,6.0
28.96527561917591,0.0,38.258581250228346,0.1783125,6.0,6.0
27.57729774937083,0.032459270855901196,33.806412877961435,0.0,6.0,6.0
23.92397220829688,0.5415237777854873,28.616869281555246,0.0,6.0,6.0
22.634576603901273,1.1863361659698939,25.10568573331887,0.0,2.875,2.875
18.98125106282732,0.0,0.0,0.0,1.0,1.0
17.15458829229034,0.0,0.0,0.0,1.0,1.0
13.70432548048421,0.0,0.0,0.0,1.0,1.0
13.442889942541491,0.0,0.0,0.0,1.0,1.0
13.442889942541491,0.0,0.0,0.0,1.0,1.0
13.442889942541491,0.0,0.0,0.0,2.25,2.25
13.442889942541491,0.0,0.0,0.0,3.0,3.0
13.442889942541491,0.0,0.0,0.00425,3.0,3.0
18.13815940225852,12.121612579654194,20.338181086993846,0.0255,3.0,3.0
35.44227820101658,26.587275636882158,17.6367581120787,0.002125,3.0,3.0
82.59777433696789,6.708254608094537,32.38784812441434,0.0958125,3.0,3.0
74.21670290839647,2.9330421817032013,38.3082279945115,0.51,4.875,4.875
72.28260950180305,2.1862363765854522,42.05787097832058,0.680875,6.0,6.0
74.21670290839647,1.8219004802738912,47.11526536926428,0.755875,6.0,6.0
75.21995504444162,2.161707673643749,49.366768955183346,0.7755625,6.0,6.0
75.82844741389097,1.6425026728458054,56.87019815702605,0.7706875,6.0,6.0
72.28260950180305,1.6221073602350016,57.57266969852575,0.759625,6.0,6.0
72.28260950180305,1.3942853862749764,60.53758357677519,0.73525,4.75,4.75
75.18374961169317,0.9618877686758042,64.36156713134535,0.680875,4.0,4.0
53.71822371351593,2.8913683584352436,56.185251780030676,0.5214375,4.0,4.0
28.853251029790325,0.0,45.61102479091601,0.18375,4.0,4.0
27.57729774937083,0.0,40.78103263553913,0.0,4.0,4.0
23.92397220829688,0.0,36.341060170124344,0.0,4.0,4.0
22.634576603901273,0.26917667076180624,33.092894366175976,0.0,2.75,2.75
18.98125106282732,0.0,0.0,0.0,2.0,2.0
17.15458829229034,0.0,0.0,0.0,2.0,2.0
13.70432548048421,0.0,0.0,0.0,2.0,2.0
13.442889942541491,0.0,0.0,0.0,2.0,2.0
13.442889942541491,0.0,0.0,0.0,2.0,2.0
13.442889942541491,0.0,0.0,0.0,3.875,3.875
13.442889942541491,0.0,0.0,0.0,5.0,5.0
13.442889942541491,0.0,0.0,0.00525,5.0,5.0
18.176896048800995,5.925936894496592,27.5523333697992,0.0885,5.0,5.0
35.78370242942773,20.270709437064024,22.988086152148632,0.31425,5.0,5.0
82.72181957927552,4.24579995843857,39.40574739285042,0.45775,5.0,5.0
74.21670290839647,1.9115008456916056,42.89227389337996,0.566375,5.625,5.625
72.28260950180305,1.4222983796668114,45.404333454299014,0.656875,6.0,6.0
74.21670290839647,1.258457183129447,52.619237031453444,0.730875,6.0,6.0
75.21995504444162,0.3386658041746586,58.66692761506343,0.774,6.0,6.0
75.82844741389097,0.6356288092878155,65.78190542755011,0.7721875,6.0,6.0
72.28260950180305,0.6384011285462283,68.28189827027214,0.75975,6.0,6.0
72.28260950180305,0.40735293128408373,71.6462469712547,0.7354375,7.875,7.875
75.18374961169317,0.1317671600681897,73.84206645935316,0.571375,9.0,9.0
53.53336028053292,0.0,61.07759510618755,0.04375,9.0,9.0
28.2263971302433,0.0,53.029162041344065,0.0,9.0,9.0
27.57729774937083,0.0,48.80784362126458,0.0,9.0,9.0
23.92397220829688,0.0,44.511790680792906,0.0,9.0,9.0
22.634576603901273,0.0,40.569657547948246,0.0,4.625,4.625
18.98125106282732,0.0,0.0,0.0,2.0,2.0
17.15458829229034,0.0,0.0,0.0,2.0,2.0
13.70432548048421,0.0,0.0,0.0,2.0,2.0
10.350306470193523,0.0,0.0,0.0,2.0,2.0
10.350306470193523,0.0,0.0,0.0,2.0,2.0
10.350306470193523,0.0,0.0,0.0,2.625,2.625
10.350306470193523,0.0,0.0,0.0,3.0,3.0
10.350306470193523,0.0,0.0,0.003375,3.0,3.0
18.169033108045223,2.044953150454885,27.777039468377577,0.02025,3.0,3.0
23.52631044800624,8.467487621024404,21.682183055972143,0.0016875,3.0,3.0
32.37334352863301,2.0565174685309984,23.65066521559123,0.0,3.0,3.0
34.55185640433484,1.2038559429889573,30.012579116699467,0.05625,3.0,3.0
33.58480970103814,0.23193297727197026,37.882586487420575,0.225,3.0,3.0
35.84125200873044,0.0,41.67094683514709,0.01875,3.0,3.0
24.492573044144226,0.0,42.694622303151675,0.0,3.0,3.0
21.913781835353017,0.0,45.366300674193916,0.076125,3.0,3.0
20.302037329858514,0.0,49.86270371129244,0.3045,3.0,3.0
19.012641725462906,0.0,50.44609412851572,0.1095625,5.5,5.5
19.33499062656181,0.0,51.17642108499918,0.33675,7.0,7.0
14.872176474615825,0.0,51.02366233904181,0.067625,7.0,7.0
12.95833683474702,0.0,0.0,0.15825,7.0,7.0
10.611742008136241,0.0,0.0,0.0,7.0,7.0
10.350306470193523,0.0,0.0,0.0,7.0,7.0
10.350306470193523,0.0,0.0,0.0,5.125,5.125
10.350306470193523,0.0,0.0,0.0,4.0,4.0
10.350306470193523,0.0,0.0,0.0,4.0,4.0
10.350306470193523,0.0,0.0,0.0,4.0,4.0
10.350306470193523,0.0,0.0,0.0,4.0,4.0
10.350306470193523,0.0,0.0,0.0,4.0,4.0
10.350306470193523,0.0,0.0,0.0,4.0,4.0
10.350306470193523,0.0,0.0,0.0,4.0,4.0
10.350306470193523,0.0,0.0,0.0,4.0,4.0
13.080179152540325,0.0,0.0,0.0,4.0,4.0
13.008010745576062,0.0,0.0,0.0,4.0,4.0
12.939615021046308,0.0,0.0,0.0,4.0,4.0
12.933047904492726,0.0,0.0,0.0,4.625,4.625
12.933047904492726,0.0,0.0,0.0,5.0,5.0
12.933047904492726,0.0,0.0,0.0,5.0,5.0
12.933047904492726,0.0,0.0,0.0,5.0,5.0
12.933047904492726,0.0,0.0,0.0,5.0,5.0
12.933047904492726,0.0,0.0,0.0,5.0,5.0
12.933047904492726,0.0,0.0,0.0,5.625,5.625
12.933047904492726,0.0,0.0,0.0,6.0,6.0
12.94450426353013,0.0,0.0,0.0,6.0,6.0
10.50956369596812,0.0,0.0,0.0,6.0,6.0
10.350306470193523,0.0,0.0,0.0,6.0,6.0
10.350306470193523,0.0,0.0,0.0,6.0,6.0
10.350306470193523,0.0,0.0,0.0,5.375,5.375
10.350306470193523,0.0,0.0,0.0,5.0,5.0
10.350306470193523,0.0,0.0,0.0,5.0,5.0
10.350306470193523,0.0,0.0,0.0,5.0,5.0
13.442889942541491,0.0,0.0,0.0,5.0,5.0
13.442889942541491,0.0,0.0,0.0,5.0,5.0
13.442889942541491,0.0,0.0,0.0,3.125,3.125
13.442889942541491,0.0,0.0,0.0,2.0,2.0
13.442889942541491,0.0,0.0,0.0,2.0,2.0
18.288450061361758,16.211604675629154,16.675875863224004,0.0,2.0,2.0
36.24060435843286,32.6773764901776,13.47057346867267,0.0,2.0,2.0
83.23288804497341,9.456659581672213,23.127831064316613,0.0,2.0,2.0
74.30470200688043,4.94553246790557,26.369862923276273,0.0,2.0,2.0
72.28260950180305,3.3364124198190956,30.238666705670845,0.0,2.0,2.0
74.21670290839647,2.6178765743869357,35.567177919110314,0.0,2.0,2.0
75.21995504444162,8.659297794102754,36.843658810125675,0.0,2.0,2.0
75.82844741389097,1.529304356198771,41.92093113098692,0.0,2.0,2.0
72.28260950180305,1.347005188406496,40.24745535621619,0.0,2.0,2.0
72.28260950180305,1.2405542863516985,39.949604859544046,0.0,4.5,4.5
75.32210298773765,1.345519552667529,40.557247003997546,0.0,6.0,6.0
53.94812282883995,11.323445702562406,30.116776278211134,0.0,6.0,6.0
28.946890079401417,3.305339086302479,19.99455035478446,0.0,6.0,6.0
27.549615189512373,3.557516141877248,17.6728752065094,0.0,6.0,6.0
23.92397220829688,6.176040876369778,16.99661085200806,0.0,6.0,6.0
22.634576603901273,7.260792830979201,16.646613885046115,0.0,3.5,3.5
18.98125106282732,0.0,0.0,0.0,2.0,2.0
17.15458829229034,0.0,0.0,0.0,2.0,2.0
13.70432548048421,0.0,0.0,0.0,2.0,2.0
13.442889942541491,0.0,0.0,0.0,2.0,2.0
13.442889942541491,0.0,0.0,0.0,2.0,2.0
13.442889942541491,0.0,0.0,0.0,1.375,1.375
13.442889942541491,0.0,0.0,0.0,1.0,1.0
13.442889942541491,0.0,0.0,0.0,1.0,1.0
18.288450061361758,14.751747328742088,16.706537243816552,0.0,1.0,1.0
35.99353404299926,32.760305015694904,13.776305552243148,0.0,1.0,1.0
83.08125972144508,9.702801053247768,25.108523426540643,0.0,1.0,1.0
74.22677257488996,5.450477868739427,26.60221470904923,0.0,2.25,2.25
72.28260950180305,4.210825447692367,28.934922110815645,0.0,3.0,3.0
74.21670290839647,3.512900027406306,33.081940850115956,0.0,3.0,3.0
75.21995504444162,12.978063286183838,33.27833180204396,0.0,3.0,3.0
75.82844741389097,3.12362435802249,38.081656651985675,0.0,3.0,3.0
72.28260950180305,2.051756384148376,36.75975947598607,0.0,3.0,3.0
72.28260950180305,1.769201115285153,37.44391336418541,0.0,2.375,2.375
75.24417157404949,1.7932135266335008,39.28614185659433,0.0,2.0,2.0
53.81964190994473,11.573754698666956,30.063527974784737,0.0,2.0,2.0
28.81987307099855,3.1084270581387434,20.898819952926363,0.0,2.0,2.0
27.549615189512373,2.5112316106104804,18.3083135469456,0.0,2.0,2.0
23.92397220829688,4.8330422329644795,17.148723562879102,0.0,2.0,2.0
22.634576603901273,6.673335269614415,16.688468747515458,0.0,2.0,2.0
18.98125106282732,0.0,0.0,0.0,2.0,2.0
17.15458829229034,0.0,0.0,0.0,2.0,2.0
13.70432548048421,0.0,0.0,0.0,2.0,2.0
13.442889942541491,0.0,0.0,0.0,2.0,2.0
13.442889942541491,0.0,0.0,0.0,2.0,2.0
13.442889942541491,0.0,0.0,0.0,0.75,0.75
13.442889942541491,0.0,0.0,0.0,0.0,0.0
13.442889942541491,0.0,0.0,0.008125,0.0,0.0
17.959855788724447,9.226007409951615,22.741261078053498,0.154125,0.0,0.0
35.242829305774606,24.83732441726524,18.826569835592988,0.4836875,0.0,0.0
82.59777433696789,6.0391792680127585,34.63540159697629,0.267625,0.0,0.0
74.21670290839647,2.971630736357797,35.49686077809704,0.019375,1.25,1.25
72.28260950180305,1.9557122637703577,37.72075914624922,0.0,2.0,2.0
74.21670290839647,1.9279579196333771,41.88575627174046,0.1006875,2.0,2.0
75.21995504444162,8.043913637544225,43.47745224724155,0.40275,2.0,2.0
75.82844741389097,2.0319248668927123,47.48950829995047,0.0335625,2.0,2.0
72.28260950180305,1.8673712572710657,46.82145012714573,0.1164375,2.0,2.0
72.28260950180305,2.365555169226877,49.20046275762568,0.46575,3.25,3.25
75.18374961169317,1.7779468457693228,51.36571425259322,0.0388125,4.0,4.0
53.53336028053292,5.695758147212478,45.69881014891688,0.0465,4.0,4.0
28.122589426352654,0.0,38.18459009868219,0.186,4.0,4.0
27.424404010388212,0.0,34.367067539027076,0.0155,4.0,4.0
23.92397220829688,0.1846112084472588,28.53796282992523,0.0,4.0,4.0
22.634576603901273,0.704981561267845,25.447631067665217,0.0,1.5,1.5
18.98125106282732,0.0,0.0,0.0,0.0,0.0
17.15458829229034,0.0,0.0,0.0,0.0,0.0
13.70432548048421,0.0,0.0,0.0,0.0,0.0
13.442889942541491,0.0,0.0,0.0,0.0,0.0
13.442889942541491,0.0,0.0,0.0,0.0,0.0
13.442889942541491,0.0,0.0,0.0,1.25,1.25
13.442889942541491,0.0,0.0,0.0,2.0,2.0
13.442889942541491,0.0,0.0,0.009375,2.0,2.0
18.089754062243028,5.865273431085977,25.704370318693478,0.0375,2.0,2.0
35.462952408067856,21.45828498491512,18.38494988129665,0.044375,2.0,2.0
82.62798333644837,4.693515956179515,36.28923398461181,0.165,2.0,2.0
74.21670290839647,2.141031942442125,37.75129465249497,0.072625,3.875,3.875
72.28260950180305,1.7654507265294261,41.226343149731065,0.3013125,5.0,5.0
74.21670290839647,1.5252819653015557,45.078173972567505,0.354125,5.0,5.0
75.21995504444162,5.969418252936003,45.51656425387588,0.3826875,5.0,5.0
75.82844741389097,1.440158560188007,50.134849464990694,0.405875,5.0,5.0
72.28260950180305,1.4471723509483563,50.16357766436661,0.34175,5.0,5.0
72.28260950180305,1.0686494791699825,50.24073464091142,0.1139375,4.375,4.375
75.18374961169317,1.1320463608804074,56.92210069952028,0.464625,4.0,4.0
53.5165764021006,3.287146889344197,55.55144864908848,0.535625,4.0,4.0
28.110573604700843,0.0,44.970955288437615,0.233875,4.0,4.0
27.424404010388212,0.0,39.30438574913837,0.0163125,4.0,4.0
23.92397220829688,0.0,35.08211850458741,0.0,4.0,4.0
22.634576603901273,0.2992106404555252,31.057773885871946,0.0,2.75,2.75
18.98125106282732,0.0,0.0,0.0,2.0,2.0
17.15458829229034,0.0,0.0,0.0,2.0,2.0
13.70432548048421,0.0,0.0,0.0,2.0,2.0
13.442889942541491,0.0,0.0,0.0,2.0,2.0
13.442889942541491,0.0,0.0,0.0,2.0,2.0
13.442889942541491,0.0,0.0,0.0,1.375,1.375
13.442889942541491,0.0,0.0,0.0,1.0,1.0
13.442889942541491,0.0,0.0,0.019125,1.0,1.0
18.01020497231223,4.352109230288096,26.088019218520294,0.0765,1.0,1.0
35.346735215095244,19.34425984807154,21.531518613049723,0.0841875,1.0,1.0
82.60784400346137,4.456661835449399,39.6512437856703,0.417375,1.0,1.0
74.21670290839647,1.9709174964968006,43.20132426219235,0.57325,2.25,2.25
72.28260950180305,1.4714182468837818,45.81018439512323,0.6635,3.0,3.0
74.21670290839647,1.324254270902644,52.95752893950618,0.734125,3.0,3.0
75.21995504444162,0.4016514333723211,57.868662082843954,0.7733125,3.0,3.0
75.82844741389097,0.7509952812857487,63.34124045385692,0.771375,3.0,3.0
72.28260950180305,0.76316681570726,64.68316682246946,0.7600625,3.0,3.0
72.28260950180305,0.5456165391380619,68.91277022288403,0.737875,4.25,4.25
75.18374961169317,0.19168386128540077,73.02098746994163,0.6901875,5.0,5.0
53.635272839292654,0.0025779687436949346,65.75016245693958,0.555375,5.0,5.0
28.67981889695291,0.0,53.52011025181327,0.2445625,5.0,5.0
27.495816046632775,0.0,47.853641985257326,0.0171875,5.0,5.0
23.92397220829688,0.0,43.10744346738911,0.0,5.0,5.0
22.634576603901273,0.0,39.13641046312371,0.0,4.375,4.375
18.98125106282732,0.0,0.0,0.0,4.0,4.0
17.15458829229034,0.0,0.0,0.0,4.0,4.0
13.70432548048421,0.0,0.0,0.0,4.0,4.0
10.350306470193523,0.0,0.0,0.0,4.0,4.0
10.350306470193523,0.0,0.0,0.0,4.0,4.0
10.350306470193523,0.0,0.0,0.0,4.625,4.625
10.350306470193523,0.0,0.0,0.0,5.0,5.0
10.350306470193523,0.0,0.0,0.0159375,5.0,5.0
17.98166738412792,1.3084851944375806,33.44369560695399,0.140625,5.0,5.0
23.377033117244626,4.321984743812947,28.22161129250232,0.4200625,5.0,5.0
32.29541409664253,0.8256762768558474,35.21018270762549,0.53,5.0,5.0
34.55185640433484,0.05052734567921289,39.59440625111087,0.4821875,5.625,5.625
33.58480970103814,0.0,44.839630553367165,0.702,6.0,6.0
35.84125200873044,0.0,48.205271557954035,0.4368125,6.0,6.0
24.492573044144226,0.0,49.28752250734342,0.032375,6.0,6.0
21.913781835353017,0.0,50.25324372365466,0.117,6.0,6.0
20.302037329858514,0.0,52.438679151534686,0.468,6.0,6.0
19.012641725462906,0.0,53.59137540134485,0.039,6.625,6.625
19.33499062656181,0.0,54.82407243969647,0.1153125,7.0,7.0
14.867141311086133,0.0,56.07500315422691,0.515625,7.0,7.0
12.982806611503957,0.0,0.0,0.2559375,7.0,7.0
10.582191349045944,0.0,0.0,0.018125,7.0,7.0
10.350306470193523,0.0,0.0,0.0,7.0,7.0
10.350306470193523,0.0,0.0,0.0,3.875,3.875
10.350306470193523,0.0,0.0,0.0,2.0,2.0
10.350306470193523,0.0,0.0,0.0,2.0,2.0
10.350306470193523,0.0,0.0,0.0,2.0,2.0
10.350306470193523,0.0,0.0,0.0,2.0,2.0
10.350306470193523,0.0,0.0,0.0,2.0,2.0
10.350306470193523,0.0,0.0,0.0,3.25,3.25
10.350306470193523,0.0,0.0,0.0,4.0,4.0
10.350306470193523,0.0,0.0,0.0234375,4.0,4.0
12.882724942584117,0.0,0.0,0.15525,4.0,4.0
12.933047904492726,0.0,0.0,0.2538125,4.0,4.0
12.933047904492726,0.0,0.0,0.12475,4.0,4.0
12.933047904492726,0.0,0.0,0.417,5.25,5.25
12.933047904492726,0.0,0.0,0.03475,6.0,6.0
12.933047904492726,0.0,0.0,0.0,6.0,6.0
12.933047904492726,0.0,0.0,0.0,6.0,6.0
12.933047904492726,0.0,0.0,0.0,6.0,6.0
12.933047904492726,0.0,0.0,0.0,6.0,6.0
12.933047904492726,0.0,0.0,0.1325625,6.625,6.625
12.933047904492726,0.743034786744551,35.04880705464253,0.53025,7.0,7.0
12.936404680179187,0.004850457064756483,20.91930612512485,0.0441875,7.0,7.0
10.503869496833099,0.0,0.0,0.0,7.0,7.0
10.350306470193523,0.0,0.0,0.0,7.0,7.0
10.350306470193523,0.0,0.0,0.0,7.0,7.0
10.350306470193523,0.0,0.0,0.0,5.75,5.75
10.350306470193523,0.0,0.0,0.0,5.0,5.0
10.350306470193523,0.0,0.0,0.0,5.0,5.0
10.350306470193523,0.0,0.0,0.0,5.0,5.0
13.442889942541491,0.0,0.0,0.0,5.0,5.0
13.442889942541491,0.0,0.0,0.0,5.0,5.0
13.442889942541491,0.0,0.0,0.0,6.25,6.25
13.442889942541491,0.0,0.0,0.0,7.0,7.0
13.442889942541491,0.0,0.0,0.0200625,7.0,7.0
17.983434807554218,0.8252886001821135,36.89105379564727,0.08025,7.0,7.0
35.346735215095244,11.31480053604385,33.03893747827319,0.075875,7.0,7.0
82.59777433696789,1.741474591999179,46.409304855897204,0.416625,7.0,7.0
74.21670290839647,1.0170245147922579,50.60483691579918,0.6800625,8.875,8.875
72.28260950180305,0.3723933898795622,51.25931311071367,0.436625,10.0,10.0
74.21670290839647,0.159482435373674,54.505512320394274,0.1500625,10.0,10.0
75.21995504444162,0.5866809827555571,56.242710096718376,0.47025,10.0,10.0
75.82844741389097,0.00204450714250288,61.82490039780252,0.0391875,10.0,10.0
72.28260950180305,0.0,62.34349466127356,0.1359375,10.0,10.0
72.28260950180305,0.0,72.53949219032515,0.6763125,10.625,10.625
75.18374961169317,0.0,80.61576535346205,0.6918125,11.0,11.0
53.5165764021006,0.0,69.25576687313244,0.569,11.0,11.0
28.103564096495244,0.0,59.09823278436429,0.278,11.0,11.0
27.34306059737683,0.0,54.15404848128041,0.0199375,11.0,11.0
23.92397220829688,0.0,49.85503301661362,0.0,11.0,11.0
22.634576603901273,0.0,45.90155133444347,0.0,7.25,7.25
18.98125106282732,0.0,0.0,0.0,5.0,5.0
17.15458829229034,0.0,0.0,0.0,5.0,5.0
13.70432548048421,0.0,0.0,0.0,5.0,5.0
13.442889942541491,0.0,0.0,0.0,5.0,5.0
13.442889942541491,0.0,0.0,0.0,5.0,5.0
13.442889942541491,0.0,0.0,0.0,4.375,4.375
13.442889942541491,0.0,0.0,0.0,4.0,4.0
13.442889942541491,0.0,0.0,0.018,4.0,4.0
18.035823109717036,1.35975334153045,36.49339244053114,0.1216875,4.0,4.0
35.44928589325788,11.29215369789936,33.59614514099557,0.2641875,4.0,4.0
82.59777433696789,1.4060891992618785,48.87922425085293,0.3266875,4.0,4.0
74.21670290839647,0.2913592586897758,51.45349285779033,0.4053125,4.625,4.625
72.28260950180305,0.0,55.60752045389327,0.5009375,5.0,5.0
74.21670290839647,0.0,64.01567021760506,0.5189375,5.0,5.0
75.21995504444162,0.0,69.98132909521027,0.600375,5.0,5.0
75.82844741389097,0.0,79.88558746882373,0.59375,5.0,5.0
72.28260950180305,0.0,84.96638994742725,0.683,5.0,5.0
72.28260950180305,0.0,91.79848993436295,0.7103125,5.625,5.625
75.18374961169317,0.0,95.40572594473866,0.692375,6.0,6.0
53.53336028053292,0.0,80.70279974634838,0.573375,6.0,6.0
28.087657285658576,0.0,69.18520473665622,0.2864375,6.0,6.0
27.34306059737683,0.0,62.75112205185789,0.020625,6.0,6.0
23.92397220829688,0.0,58.95213808869525,0.0,6.0,6.0
22.634576603901273,0.0,55.67139741604622,0.0,4.75,4.75
18.98125106282732,0.0,0.0,0.0,4.0,4.0
17.15458829229034,0.0,0.0,0.0,4.0,4.0
13.70432548048421,0.0,0.0,0.0,4.0,4.0
13.442889942541491,0.0,0.0,0.0,4.0,4.0
13.442889942541491,0.0,0.0,0.0,4.0,4.0
13.442889942541491,0.0,0.0,0.0,5.25,5.25
13.442889942541491,0.0,0.0,0.0,6.0,6.0
13.442889942541491,0.0,0.0,0.031125,6.0,6.0
18.169837585860854,1.4245973246642845,37.826928639730816,0.1965,6.0,6.0
36.04133895262416,12.337745351170012,35.13183581384077,0.396625,6.0,6.0
82.94058678984484,1.900254642260316,49.96611898794418,0.536625,6.0,6.0
74.21670290839647,0.7092868525492494,53.35894710711075,0.64925,3.5,3.5
72.28260950180305,0.022777611222751147,58.05332842410077,0.7375625,2.0,2.0
74.21670290839647,0.0,66.5835713686589,0.7744375,2.0,2.0
75.21995504444162,0.0,69.51375198385489,0.7760625,2.0,2.0
75.82844741389097,0.0,79.41330967099626,0.770625,2.0,2.0
72.28260950180305,0.0,82.15160227857125,0.76,2.0,2.0
72.28260950180305,0.0,85.92562100869667,0.7384375,2.625,2.625
75.19381993875255,0.0,88.03573277350812,0.6946875,3.0,3.0
53.878356506765805,0.0,71.44419535788484,0.5769375,3.0,3.0
28.950281604382955,0.0,58.074443434217194,0.2948125,3.0,3.0
27.539545523018873,0.0,51.83390862235758,0.0213125,3.0,3.0
23.92397220829688,0.0,48.15729984610291,0.0,3.0,3.0
22.634576603901273,0.0,45.5819169609398,0.0,2.375,2.375
18.98125106282732,0.0,0.0,0.0,2.0,2.0
17.15458829229034,0.0,0.0,0.0,2.0,2.0
13.70432548048421,0.0,0.0,0.0,2.0,2.0
13.442889942541491,0.0,0.0,0.0,2.0,2.0
13.442889942541491,0.0,0.0,0.0,2.0,2.0
13.442889942541491,0.0,0.0,0.0,2.0,2.0
13.442889942541491,0.0,0.0,0.0,2.0,2.0
13.442889942541491,0.0,0.0,0.0155625,2.0,2.0
18.117495985595024,1.3844545807059871,38.52857915407708,0.1305,2.0,2.0
35.648026815436765,11.978392913110442,35.97728006624878,0.371,2.0,2.0
82.67570376895836,1.3288651028099778,51.81006492807481,0.506875,2.0,2.0
74.21670290839647,0.34143186233583406,57.514243613695015,0.612375,2.0,2.0
72.28260950180305,0.0,64.85692802640705,0.70175,2.0,2.0
74.21670290839647,0.0,74.95486466263486,0.700125,2.0,2.0
75.21995504444162,0.0,73.88417457044238,0.510125,2.0,2.0
75.82844741389097,0.0,87.14297792340794,0.7485,2.0,2.0
72.28260950180305,0.0,91.65261345923636,0.7601875,2.0,2.0
72.28260950180305,0.0,97.28389073768818,0.739375,3.875,3.875
75.18374961169317,0.0,99.22975360229819,0.6885625,5.0,5.0
53.64410995642414,0.0,80.70825058971236,0.5515,5.0,5.0
28.555244052228492,0.0,69.24118293361036,0.3015,5.0,5.0
27.468133486774317,0.0,63.0923909643586,0.0220625,5.0,5.0
23.92397220829688,0.0,58.831964468389245,0.0,5.0,5.0
22.634576603901273,0.0,55.181073307217254,0.0,4.375,4.375
18.98125106282732,0.0,0.0,0.0,4.0,4.0
17.15458829229034,0.0,0.0,0.0,4.0,4.0
13.70432548048421,0.0,0.0,0.0,4.0,4.0
13.442889942541491,0.0,0.0,0.0,4.0,4.0
13.442889942541491,0.0,0.0,0.0,4.0,4.0
13.442889942541491,0.0,0.0,0.0,5.25,5.25
13.442889942541491,0.0,0.0,0.0,6.0,6.0
13.442889942541491,0.0,0.0,0.0076875,6.0,6.0
17.977563843099226,0.3036307508351458,48.37887698864485,0.0474375,6.0,6.0
35.36186751961487,3.125352921527039,46.544078880728655,0.0918125,6.0,6.0
82.60784400346137,0.12357909589143082,59.561069592014626,0.1229375,6.0,6.0
74.21670290839647,0.0,61.74212070598804,0.117,8.5,8.5
72.28260950180305,0.0,64.4261558933638,0.044,10.0,10.0
74.21670290839647,0.0,69.52685642090351,0.1395,10.0,10.0
75.21995504444162,0.0,69.37893499228223,0.011625,10.0,10.0
75.82844741389097,0.0,75.04456330862878,0.042,10.0,10.0
72.28260950180305,0.0,78.13251574089436,0.168,10.0,10.0
72.28260950180305,0.0,78.56128743467589,0.060125,8.125,8.125
75.18374961169317,0.0,85.07574106014184,0.237,7.0,7.0
53.53336028053292,0.0,73.42094205788317,0.225375,7.0,7.0
28.413732933613247,0.0,65.47567637230696,0.0175,7.0,7.0
27.39671963456545,0.0,63.084832895933026,0.0,7.0,7.0
23.92397220829688,0.0,61.08460503254002,0.0,7.0,7.0
22.634576603901273,0.0,58.8658524905713,0.0,3.875,3.875
18.98125106282732,0.0,0.0,0.0,2.0,2.0
17.15458829229034,0.0,0.0,0.0,2.0,2.0
13.70432548048421,0.0,0.0,0.0,2.0,2.0
10.350306470193523,0.0,0.0,0.0,2.0,2.0
10.350306470193523,0.0,0.0,0.0,2.0,2.0
10.350306470193523,0.0,0.0,0.0,2.0,2.0
10.350306470193523,0.0,0.0,0.0,2.0,2.0
10.350306470193523,0.0,0.0,0.01575,2.0,2.0
18.08480815448503,0.44335689354729857,44.28527393313826,0.1295625,2.0,2.0
23.48552962713664,0.24536912986162118,43.690219744285976,0.316125,2.0,2.0
32.35743671779635,0.0,48.28437544855891,0.3094375,2.0,2.0
34.55185640433484,0.0,53.26552256535813,0.5749375,3.25,3.25
33.58480970103814,0.0,57.911535208980226,0.67525,4.0,4.0
35.84125200873044,0.0,64.83062064323363,0.7421875,4.0,4.0
24.492573044144226,0.0,68.77870619004574,0.773,4.0,4.0
21.913781835353017,0.0,71.16756381495632,0.7705625,4.0,4.0
20.302037329858514,0.0,70.03322708031108,0.7065625,4.0,4.0
19.012641725462906,0.0,65.80048483919518,0.5250625,4.0,4.0
19.33499062656181,0.0,69.46495911172106,0.6643125,4.0,4.0
14.877243531379042,0.0,63.278837230939,0.5271875,4.0,4.0
13.02389522677585,0.017633549083132794,19.693540264960202,0.315625,4.0,4.0
10.590643198398846,0.0042380820585221956,15.644175400913474,0.0234375,4.0,4.0
10.350306470193523,0.0,0.0,0.0,4.0,4.0
10.350306470193523,0.0,0.0,0.0,3.375,3.375
10.350306470193523,0.0,0.0,0.0,3.0,3.0
10.350306470193523,0.0,0.0,0.0,3.0,3.0
10.350306470193523,0.0,0.0,0.0,3.0,3.0
10.350306470193523,0.0,0.0,0.0,3.0,3.0
10.350306470193523,0.0,0.0,0.0,3.0,3.0
10.350306470193523,0.0,0.0,0.0,2.375,2.375
10.350306470193523,0.0,0.0,0.0,2.0,2.0
10.350306470193523,0.0,0.0,0.013875,2.0,2.0
12.960419425998595,0.0,0.0,0.1231875,2.0,2.0
12.949441905624225,0.0,0.0,0.366125,2.0,2.0
12.933047904492726,0.39873024898800885,8.51001698180515,0.4954375,2.0,2.0
12.933047904492726,0.2169207743001105,20.97831498010448,0.522625,3.25,3.25
12.933047904492726,0.0,0.0,0.306625,4.0,4.0
12.933047904492726,0.0,0.0,0.397125,4.0,4.0
12.933047904492726,0.3909547302542485,38.943230185312615,0.74625,4.0,4.0
12.933047904492726,0.06931275908464478,45.195480050320526,0.6978125,4.0,4.0
12.933047904492726,0.022727946516396973,23.026303269328757,0.402625,4.0,4.0
12.933047904492726,0.12837507088866268,29.082121067626755,0.44925,3.375,3.375
12.933047904492726,0.09143286824117396,46.05702809558832,0.645,3.0,3.0
12.935285754950367,0.16393727371498973,39.75985508709887,0.4659375,3.0,3.0
10.49804501714093,0.022238046407830857,49.553876693233455,0.317125,3.0,3.0
10.351025144818404,0.0,10.81893724793923,0.024,3.0,3.0
10.350306470193523,0.0,0.0,0.0,3.0,3.0
10.350306470193523,0.0,0.0,0.0,3.0,3.0
10.350306470193523,0.0,0.0,0.0,3.0,3.0
10.350306470193523,0.0,0.0,0.0,3.0,3.0
10.350306470193523,0.0,0.0,0.0,3.0,3.0
13.442889942541491,0.0,0.0,0.0,3.0,3.0
13.442889942541491,0.0,0.0,0.0,3.0,3.0
13.442889942541491,0.0,0.0,0.0,1.75,1.75
13.442889942541491,0.0,0.0,0.0,1.0,1.0
13.442889942541491,0.0,0.0,0.010125,1.0,1.0
17.939348748458595,1.7145884839180567,39.62528198603203,0.0405,1.0,1.0
35.58383597729687,12.580340978088802,35.423186579587934,0.003375,1.0,1.0
82.84746944377598,2.4908424845790877,46.76402256217248,0.032625,1.0,1.0
74.21670290839647,1.0637553100509303,49.666442331675526,0.1305,1.0,1.0
72.28260950180305,0.1548415675923825,52.254767207471225,0.0525,1.0,1.0
74.21670290839647,0.0,59.07240478856233,0.2115,1.0,1.0
75.21995504444162,0.044677482675391844,61.53680465232714,0.193875,1.0,1.0
75.82844741389097,0.0,68.04515426850425,0.015,1.0,1.0
72.28260950180305,0.0,66.84723992042635,0.0,1.0,1.0
72.28260950180305,0.0,66.90531033059224,0.0,2.25,2.25
75.18374961169317,0.0,68.50301381131717,0.061875,3.0,3.0
53.53336028053292,1.1404109820452761,58.25914702625386,0.2475,3.0,3.0
28.24240280707585,0.0,52.136739579567944,0.020625,3.0,3.0
27.265671311098124,0.0,48.56921639247949,0.0,3.0,3.0
23.92397220829688,0.0,44.67750369203214,0.0,3.0,3.0
22.634576603901273,0.0,41.50968520801579,0.0,1.125,1.125
18.98125106282732,0.0,0.0,0.0,0.0,0.0
17.15458829229034,0.0,0.0,0.0,0.0,0.0
13.70432548048421,0.0,0.0,0.0,0.0,0.0
13.442889942541491,0.0,0.0,0.0,0.0,0.0
13.442889942541491,0.0,0.0,0.0,0.0,0.0
13.442889942541491,0.0,0.0,0.0,1.25,1.25
13.442889942541491,0.0,0.0,0.0,2.0,2.0
13.442889942541491,0.0,0.0,0.019125,2.0,2.0
17.912803576952335,1.4968462090249517,37.367337936440336,0.1141875,2.0,2.0
35.358510964117045,11.869183454453072,34.1664248342777,0.157125,2.0,2.0
82.62798333644837,1.1488645508680961,47.58447722174712,0.0125625,2.0,2.0
74.21670290839647,0.33745798351943995,50.207711095693924,0.0,2.0,2.0
72.28260950180305,0.0,53.11057138219441,0.0766875,2.0,2.0
74.21670290839647,0.0,58.410156144227244,0.4239375,2.0,2.0
75.21995504444162,0.0,62.90974386059971,0.58225,2.0,2.0
75.82844741389097,0.0,71.14849522927284,0.5205625,2.0,2.0
72.28260950180305,0.0,75.10129409897542,0.6439375,2.0,2.0
72.28260950180305,0.0,79.47671907299956,0.55925,3.875,3.875
75.18374961169317,0.0,86.5729672826436,0.6795,5.0,5.0
53.5165764021006,0.0,74.04575547762774,0.5741875,5.0,5.0
27.953684617099828,0.0,62.369594651048025,0.338625,5.0,5.0
27.1635154013088,0.0,54.953275749329286,0.0250625,5.0,5.0
23.92397220829688,0.0,50.74756917389051,0.0,5.0,5.0
22.634576603901273,0.0,47.31429879327896,0.0,3.125,3.125
18.98125106282732,0.0,0.0,0.0,2.0,2.0
17.15458829229034,0.0,0.0,0.0,2.0,2.0
13.70432548048421,0.0,0.0,0.0,2.0,2.0
13.442889942541491,0.0,0.0,0.0,2.0,2.0
13.442889942541491,0.0,0.0,0.0,2.0,2.0
13.442889942541491,0.0,0.0,0.0,3.25,3.25
13.442889942541491,0.0,0.0,0.0,4.0,4.0
13.442889942541491,0.0,0.0,0.02625,4.0,4.0
17.903966459820854,1.4968613478288253,37.754418254445014,0.105,4.0,4.0
35.33613067453747,12.179300111587558,33.757720812146964,0.0753125,4.0,4.0
82.59777433696789,1.6349640756890504,47.530926135073436,0.3661875,4.0,4.0
74.21670290839647,0.3848074420829916,49.978180410153925,0.5138125,3.375,3.375
72.28260950180305,0.0,53.42625372157439,0.4008125,3.0,3.0
74.21670290839647,0.0,58.764671039257884,0.1405,3.0,3.0
75.21995504444162,0.22739630938890817,60.884552594290376,0.58425,3.0,3.0
75.82844741389097,0.0,72.49846411986478,0.7585,3.0,3.0
72.28260950180305,0.0,76.66417276956899,0.7463125,3.0,3.0
72.28260950180305,0.0,82.66347312721942,0.687375,5.5,5.5
75.18374961169317,0.0,87.84163785604197,0.696,7.0,7.0
53.5165764021006,0.0,74.41992770210537,0.52375,7.0,7.0
27.984429591587748,0.0,58.13418895680452,0.0399375,7.0,7.0
27.337083347342684,0.0,53.04341813040677,0.0,7.0,7.0
23.92397220829688,0.0,48.9277612290549,0.0,7.0,7.0
22.634576603901273,0.0,45.6187729242725,0.0,8.875,8.875
18.98125106282732,0.0,0.0,0.0,10.0,10.0
17.15458829229034,0.0,0.0,0.0,10.0,10.0
13.70432548048421,0.0,0.0,0.0,10.0,10.0
13.442889942541491,0.0,0.0,0.0,10.0,10.0
13.442889942541491,0.0,0.0,0.0,10.0,10.0
13.442889942541491,0.0,0.0,0.0,8.75,8.75
13.442889942541491,0.0,0.0,0.0,8.0,8.0
13.442889942541491,0.0,0.0,0.0,8.0,8.0
18.336058690846233,0.8514057505132113,36.63471536634123,0.0,8.0,8.0
37.57011368343676,12.536020101531264,29.436499427953883,0.0,8.0,8.0
89.60983646943485,1.6619794469516787,44.196633097121655,0.0,8.0,8.0
81.22876504086342,1.3363780895168056,43.891533042622356,0.0,7.375,7.375
78.32698243218702,1.2181169152169677,43.664068865507176,0.0,7.0,7.0
79.51485437942233,1.1371586758143657,45.32877453805559,0.0,7.0,7.0
80.51810651546748,10.346671145604065,43.750757870402836,0.0,7.0,7.0
81.12659888491683,0.9181575591565216,47.29254673999585,0.0,7.0,7.0
77.58076097282891,0.90900647158217,45.945673275507794,0.0,7.0,7.0
78.43771630354946,0.8745125869071253,45.99222953384051,0.0,8.875,8.875
82.19581174416012,0.8950651389547785,47.93253340354057,0.0,10.0,10.0
57.41216647569334,10.60366656790595,39.34788180931235,0.0,10.0,10.0
30.156088958162037,1.8090292958090974,29.272461870262912,0.0,10.0,10.0
27.57729774937083,0.9478720595514897,26.532828040935158,0.0,10.0,10.0
23.92397220829688,1.3147366061740935,24.254715924763477,0.0,10.0,10.0
22.634576603901273,1.4091044932151353,23.924715954492893,0.0,5.625,5.625
18.98125106282732,0.0,0.0,0.0,3.0,3.0
17.15458829229034,0.0,0.0,0.0,3.0,3.0
13.70432548048421,0.0,0.0,0.0,3.0,3.0
13.442889942541491,0.0,0.0,0.0,3.0,3.0
13.442889942541491,0.0,0.0,0.0,3.0,3.0
13.442889942541491,0.0,0.0,0.0,1.75,1.75
13.442889942541491,0.0,0.0,0.0,1.0,1.0
13.442889942541491,0.0,0.0,0.0264375,1.0,1.0
17.88766924616285,3.259636209959065,30.37013997849862,0.10575,1.0,1.0
35.32552613397969,16.50032640758618,23.103110975734694,0.0733125,1.0,1.0
82.59777433696789,2.9739431701750187,40.76590930495252,0.3675,1.0,1.0
74.21670290839647,1.2285608752042827,44.02043736010754,0.58475,1.0,1.0
72.28260950180305,0.9978966863739097,46.773753940759086,0.6760625,1.0,1.0
74.21670290839647,1.1716921441128032,51.390369127197225,0.7015625,1.0,1.0
75.21995504444162,1.2089497400667244,52.612792835728996,0.4684375,1.0,1.0
75.82844741389097,0.43484448052284647,56.98000010125382,0.1521875,1.0,1.0
72.28260950180305,0.5584855023171659,60.27884549897325,0.468,1.0,1.0
72.28260950180305,0.23192302458387987,62.22953047998532,0.1670625,2.875,2.875
75.18374961169317,0.10381369736744274,71.37127467107933,0.51225,4.0,4.0
53.5165764021006,0.0,63.83778715969706,0.122,4.0,4.0
28.000770869172392,0.0,57.65359993004223,0.31725,4.0,4.0
27.289261454497236,0.0,53.56052152350537,0.0264375,4.0,4.0
23.92397220829688,0.0,49.25955120487922,0.0,4.0,4.0
22.634576603901273,0.0,45.45617839665547,0.0,2.75,2.75
18.98125106282732,0.0,0.0,0.0,2.0,2.0
17.15458829229034,0.0,0.0,0.0,2.0,2.0
13.70432548048421,0.0,0.0,0.0,2.0,2.0
10.350306470193523,0.0,0.0,0.0,2.0,2.0
10.350306470193523,0.0,0.0,0.0,2.0,2.0
10.350306470193523,0.0,0.0,0.0,3.25,3.25
10.350306470193523,0.0,0.0,0.0,4.0,4.0
10.350306470193523,0.0,0.0,0.01875,4.0,4.0
18.003525681428382,0.9389410934355404,36.96071245131702,0.14325,4.0,4.0
23.458839339796214,1.661796226149001,31.98466457094307,0.368875,4.0,4.0
32.305483763136024,0.27486247623912097,36.36852815004363,0.4885,4.0,4.0
34.55185640433484,0.0,38.93892807784693,0.5813125,5.25,5.25
33.58480970103814,0.0,41.14702506019109,0.6610625,6.0,6.0
35.84125200873044,0.0,43.08116643567267,0.656375,6.0,6.0
24.492573044144226,0.0,42.620858404238064,0.483,6.0,6.0
21.913781835353017,0.0,44.27766923993853,0.7455625,6.0,6.0
20.302037329858514,0.0,46.12234534537463,0.759375,6.0,6.0
19.012641725462906,0.0,47.65310290320123,0.69525,7.25,7.25
19.33499062656181,0.0,48.25487494607859,0.5228125,8.0,8.0
14.873149221912039,0.0,47.97670275289843,0.5930625,8.0,8.0
13.003675554113016,0.0,0.0,0.362,8.0,8.0
10.590536359724604,0.0,0.0,0.0268125,8.0,8.0
10.350306470193523,0.0,0.0,0.0,8.0,8.0
10.350306470193523,0.0,0.0,0.0,4.875,4.875
10.350306470193523,0.0,0.0,0.0,3.0,3.0
10.350306470193523,0.0,0.0,0.0,3.0,3.0
10.350306470193523,0.0,0.0,0.0,3.0,3.0
10.350306470193523,0.0,0.0,0.0,3.0,3.0
10.350306470193523,0.0,0.0,0.0,3.0,3.0
10.350306470193523,0.0,0.0,0.0,3.0,3.0
10.350306470193523,0.0,0.0,0.0,3.0,3.0
10.350306470193523,0.0,0.0,0.0,3.0,3.0
12.98751675609934,0.0,0.0,0.0,3.0,3.0
12.97121827464083,0.0,0.0,0.0,3.0,3.0
12.935285608157947,0.0,0.0,0.0,3.0,3.0
12.933047904492726,0.0,0.0,0.0,4.25,4.25
12.933047904492726,0.0,0.0,0.0,5.0,5.0
12.933047904492726,0.0,0.0,0.0,5.0,5.0
12.933047904492726,0.0,0.0,0.0,5.0,5.0
12.933047904492726,0.0,0.0,0.0,5.0,5.0
12.933047904492726,0.0,0.0,0.0,5.0,5.0
12.933047904492726,0.0,0.0,0.0,5.0,5.0
12.933047904492726,0.0,0.0,0.0,5.0,5.0
12.93896677973557,0.0,0.0,0.0,5.0,5.0
10.505745828506681,0.0,0.0,0.0,5.0,5.0
10.350306470193523,0.0,0.0,0.0,5.0,5.0
10.350306470193523,0.0,0.0,0.0,5.0,5.0
10.350306470193523,0.0,0.0,0.0,4.375,4.375
10.350306470193523,0.0,0.0,0.0,4.0,4.0
10.350306470193523,0.0,0.0,0.0,4.0,4.0
10.350306470193523,0.0,0.0,0.0,4.0,4.0
13.442889942541491,0.0,0.0,0.0,4.0,4.0
13.442889942541491,0.0,0.0,0.0,4.0,4.0
13.442889942541491,0.0,0.0,0.0,2.75,2.75
13.442889942541491,0.0,0.0,0.0,2.0,2.0
13.442889942541491,0.0,0.0,0.02625,2.0,2.0
17.826668820120304,6.792556685440805,22.399904276735494,0.22575,2.0,2.0
35.23275963928111,19.26038396136589,21.726596680854286,0.55175,2.0,2.0
82.59777433696789,4.124296415268685,37.60404808887619,0.28025,2.0,2.0
74.21670290839647,1.8044407506067437,40.211522641216035,0.02,2.625,2.625
72.28260950180305,1.1537769359089307,44.78607991652693,0.090375,3.0,3.0
74.21670290839647,1.4858429657822745,51.206068147495,0.3615,3.0,3.0
75.21995504444162,0.7754235201280116,53.494758962502395,0.030125,3.0,3.0
75.82844741389097,1.0121060433513762,57.21537491615501,0.0,3.0,3.0
72.28260950180305,0.9675062235525447,57.1518737631174,0.112125,3.0,3.0
72.28260950180305,1.3387174262453865,60.943854845795656,0.582375,4.25,4.25
75.18374961169317,1.229785188992359,70.91781758403678,0.6941875,5.0,5.0
53.5165764021006,0.10327426866680571,65.32705964322322,0.529875,5.0,5.0
27.920163757499793,0.0,53.47570261104578,0.0404375,5.0,5.0
27.043071618399253,0.0,48.138917329094625,0.0,5.0,5.0
23.92397220829688,0.0,42.476607542866795,0.0,5.0,5.0
22.634576603901273,0.0,37.92883182769368,0.0,3.75,3.75
18.98125106282732,0.0,0.0,0.0,3.0,3.0
17.15458829229034,0.0,0.0,0.0,3.0,3.0
13.70432548048421,0.0,0.0,0.0,3.0,3.0
13.442889942541491,0.0,0.0,0.0,3.0,3.0
13.442889942541491,0.0,0.0,0.0,3.0,3.0
13.442889942541491,0.0,0.0,0.0,1.75,1.75
13.442889942541491,0.0,0.0,0.0,1.0,1.0
13.442889942541491,0.0,0.0,0.0211875,1.0,1.0
18.012799903278196,0.9833567799540107,34.49211443258206,0.152625,1.0,1.0
35.807459739612256,9.591941746190155,31.45953720327996,0.366875,1.0,1.0
82.84746944377598,1.3248687337580964,49.625875013877085,0.48125,1.0,1.0
74.21670290839647,0.30922455087611894,53.30248780736921,0.571125,3.5,3.5
72.28260950180305,0.3359851717212059,58.06317629880277,0.648625,5.0,5.0
74.21670290839647,0.3097120237288546,63.71894104511039,0.714125,5.0,5.0
75.21995504444162,0.07097394947974317,67.67147276024178,0.7610625,5.0,5.0
75.82844741389097,0.12091139916725842,73.02488344539015,0.7688125,5.0,5.0
72.28260950180305,0.15623575069453183,73.65391830173724,0.759375,5.0,5.0
72.28260950180305,0.015522565061110072,78.30073658546769,0.7404375,6.25,6.25
75.18374961169317,0.0,83.75106492711504,0.7043125,7.0,7.0
53.62878785731791,0.0,77.95298264904572,0.6146875,7.0,7.0
28.37490490491319,0.0,67.9337465282691,0.3765,7.0,7.0
27.360675306706106,0.0,61.79211044877023,0.028,7.0,7.0
23.92397220829688,0.0,57.07364490902215,0.0,7.0,7.0
22.634576603901273,0.0,53.29239132062883,0.0,6.375,6.375
18.98125106282732,0.0,0.0,0.0,6.0,6.0
17.15458829229034,0.0,0.0,0.0,6.0,6.0
13.70432548048421,0.0,0.0,0.0,6.0,6.0
13.442889942541491,0.0,0.0,0.0,6.0,6.0
13.442889942541491,0.0,0.0,0.0,6.0,6.0
13.442889942541491,0.0,0.0,0.0,4.75,4.75
13.442889942541491,0.0,0.0,0.0,4.0,4.0
13.442889942541491,0.0,0.0,0.0140625,4.0,4.0
17.865764246965394,0.29005604682681935,46.658316096710415,0.05625,4.0,4.0
35.52463415682209,3.786512567743732,42.83403106006775,0.0046875,4.0,4.0
82.731889245769,0.24382659028558695,54.76259466836386,0.0,4.0,4.0
74.21670290839647,0.010047195183162331,54.60934026007595,0.0421875,4.0,4.0
72.28260950180305,0.0,56.32295799550708,0.21525,4.0,4.0
74.21670290839647,0.0,60.72210332008949,0.2000625,4.0,4.0
75.21995504444162,0.0,61.08179929018484,0.0685625,4.0,4.0
75.82844741389097,0.0,66.8650680811898,0.26775,4.0,4.0
72.28260950180305,0.0,69.51874750373186,0.2396875,4.0,4.0
72.28260950180305,0.0,67.86024966893136,0.0185,4.0,4.0
75.18374961169317,0.0,68.28019931106142,0.0,4.0,4.0
53.619060384355784,1.3236947565510773,57.16340939462977,0.0,4.0,4.0
28.15843936009405,0.0,50.76836077630545,0.0,4.0,4.0
27.194259274853568,0.0,47.86498605854457,0.0,4.0,4.0
23.92397220829688,0.0,45.08454713117193,0.0,4.0,4.0
22.634576603901273,0.0,43.1355096833623,0.0,3.375,3.375
18.98125106282732,0.0,0.0,0.0,3.0,3.0
17.15458829229034,0.0,0.0,0.0,3.0,3.0
13.70432548048421,0.0,0.0,0.0,3.0,3.0
13.442889942541491,0.0,0.0,0.0,3.0,3.0
13.442889942541491,0.0,0.0,0.0,3.0,3.0
13.442889942541491,0.0,0.0,0.0,2.375,2.375
13.442889942541491,0.0,0.0,0.0,2.0,2.0
13.442889942541491,0.0,0.0,0.0294375,2.0,2.0
17.913418973025426,1.7070405882979256,36.980169350448946,0.1768125,2.0,2.0
35.43727051198333,12.533471461079245,33.57588168453312,0.322375,2.0,2.0
82.62798333644837,1.6064734600279968,47.86550123037864,0.4156875,2.0,2.0
74.21670290839647,0.23391288083612927,51.38923135659799,0.4754375,2.625,2.625
72.28260950180305,0.0,56.37980818766647,0.37825,3.0,3.0
74.21670290839647,0.0,62.3621410890049,0.1325,3.0,3.0
75.21995504444162,0.0,67.97780345496525,0.544125,3.0,3.0
75.82844741389097,0.0,76.2727887039714,0.6909375,3.0,3.0
72.28260950180305,0.0,81.08437684649007,0.727,3.0,3.0
72.28260950180305,0.0,88.09216023969462,0.7295,5.5,5.5
75.18374961169317,0.0,93.53952864266967,0.6674375,7.0,7.0
53.52217102824471,0.0,81.6627634680099,0.615875,7.0,7.0
27.94979362791498,0.0,70.90074885368676,0.3849375,7.0,7.0
27.010381589696166,0.0,63.41707827013221,0.0286875,7.0,7.0
23.92397220829688,0.0,58.17724980106258,0.0,7.0,7.0
22.634576603901273,0.0,53.19684360131603,0.0,5.75,5.75
18.98125106282732,0.0,0.0,0.0,5.0,5.0
17.15458829229034,0.0,0.0,0.0,5.0,5.0
13.70432548048421,0.0,0.0,0.0,5.0,5.0
13.442889942541491,0.0,0.0,0.0,5.0,5.0
13.442889942541491,0.0,0.0,0.0,5.0,5.0
13.442889942541491,0.0,0.0,0.0,2.5,2.5
13.442889942541491,0.0,0.0,0.0,1.0,1.0
13.442889942541491,0.0,0.0,0.029625,1.0,1.0
17.8132910572418,1.7119522646260867,38.44684943004063,0.1185,1.0,1.0
35.33666554860175,11.999204826162366,35.07727237226819,0.0738125,1.0,1.0
82.59777433696789,1.5217880289448198,49.35181916687867,0.25575,1.0,1.0
74.21670290839647,0.1648913365447361,53.07450937120706,0.0213125,2.875,2.875
72.28260950180305,0.0,56.918868292652384,0.0,4.0,4.0
74.21670290839647,0.0,62.036158337375454,0.0,4.0,4.0
75.21995504444162,0.0,65.13382547248568,0.1085625,4.0,4.0
75.82844741389097,0.0,75.54085571375751,0.43425,4.0,4.0
72.28260950180305,0.0,75.6161192466199,0.0361875,4.0,4.0
72.28260950180305,0.0,76.34054664269392,0.1235625,2.75,2.75
75.18374961169317,0.0,90.57747971437338,0.49425,2.0,2.0
53.55014415896523,0.0,71.41437492775015,0.0411875,2.0,2.0
28.02631309994321,0.0,64.16752290031734,0.0,2.0,2.0
27.134622987630806,0.0,59.942521252023155,0.0,2.0,2.0
23.92397220829688,0.0,55.48272738914378,0.0,2.0,2.0
22.634576603901273,0.0,51.46475096635511,0.0,0.75,0.75
18.98125106282732,0.0,0.0,0.0,0.0,0.0
17.15458829229034,0.0,0.0,0.0,0.0,0.0
13.70432548048421,0.0,0.0,0.0,0.0,0.0
10.350306470193523,0.0,0.0,0.0,0.0,0.0
10.350306470193523,0.0,0.0,0.0,0.0,0.0
10.350306470193523,0.0,0.0,0.0,0.0,0.0
10.350306470193523,0.0,0.0,0.0,0.0,0.0
10.350306470193523,0.0,0.0,0.0493125,0.0,0.0
18.059839233265134,0.9734647604948191,40.59818749748885,0.278625,0.0,0.0
23.701197117931056,0.7856651543180967,38.06954532187551,0.4465625,0.0,0.0
32.63158868888517,0.01358208899683632,45.44383493391332,0.56975,0.0,0.0
34.58649170744172,0.0,54.0503905481674,0.672375,1.25,1.25
33.58480970103814,0.0,59.83176592634791,0.7505,2.0,2.0
35.84125200873044,0.0,61.93004625263334,0.772625,2.0,2.0
24.492573044144226,0.0,62.97441852324,0.77325,2.0,2.0
21.913781835353017,0.0,64.46008838917541,0.7685625,2.0,2.0
20.302037329858514,0.0,64.1168676415324,0.75875,2.0,2.0
19.012641725462906,0.0,65.3909838200971,0.7413125,3.875,3.875
19.38289991902569,0.0,68.21584646739531,0.7060625,5.0,5.0
14.949454588842908,0.0,62.65012090927341,0.6224375,5.0,5.0
13.08346391263278,0.03627864598446497,35.785050339668295,0.3925625,5.0,5.0
10.580328454514355,0.0,10.404049059049413,0.0293125,5.0,5.0
10.350306470193523,0.0,0.0,0.0,5.0,5.0
10.350306470193523,0.0,0.0,0.0,3.75,3.75
10.350306470193523,0.0,0.0,0.0,3.0,3.0
10.350306470193523,0.0,0.0,0.0,3.0,3.0
10.350306470193523,0.0,0.0,0.0,3.0,3.0
10.350306470193523,0.0,0.0,0.0,3.0,3.0
10.350306470193523,0.0,0.0,0.0,3.0,3.0
10.350306470193523,0.0,0.0,0.0,3.0,3.0
10.350306470193523,0.0,0.0,0.0,3.0,3.0
10.350306470193523,0.0,0.0,0.0118125,3.0,3.0
12.901584145704184,0.0,0.0,0.04725,3.0,3.0
12.977599347949221,0.0,0.0,0.0286875,3.0,3.0
12.933607330409032,0.0,0.0,0.099,3.0,3.0
12.933607330409032,0.0,0.0,0.00825,4.875,4.875
12.933047904492726,0.0,0.0,0.0,6.0,6.0
12.933047904492726,0.0,0.0,0.039375,6.0,6.0
12.933047904492726,0.0,0.0,0.1575,6.0,6.0
12.933047904492726,0.0,0.0,0.056625,6.0,6.0
12.933047904492726,0.0,6.267595022302196,0.2191875,6.0,6.0
12.933047904492726,0.13868554354459645,16.893252842427795,0.19525,6.625,6.625
12.934726292335958,0.0,0.0,0.0150625,7.0,7.0
12.950925459037839,0.0,0.0,0.0,7.0,7.0
10.50956369596812,0.0,0.0,0.0,7.0,7.0
10.350306470193523,0.0,0.0,0.0,7.0,7.0
10.350306470193523,0.0,0.0,0.0,7.0,7.0
10.350306470193523,0.0,0.0,0.0,3.875,3.875
10.350306470193523,0.0,0.0,0.0,2.0,2.0
10.350306470193523,0.0,0.0,0.0,2.0,2.0
10.350306470193523,0.0,0.0,0.0,2.0,2.0
13.442889942541491,0.0,0.0,0.0,2.0,2.0
13.442889942541491,0.0,0.0,0.0,2.0,2.0
13.442889942541491,0.0,0.0,0.0,1.375,1.375
13.442889942541491,0.0,0.0,0.0,1.0,1.0
13.442889942541491,0.0,0.0,0.0106875,1.0,1.0
17.909400319557513,0.6993082827983463,41.076062604247646,0.04275,1.0,1.0
35.50006830002007,8.855683630221806,37.527109914806594,0.0255,1.0,1.0
82.62798333644837,0.7645608633894739,50.48410266175166,0.1138125,1.0,1.0
74.21670290839647,0.18158877221524197,52.69356199843478,0.1411875,1.625,1.625
72.28260950180305,0.0,56.30804923520368,0.1598125,2.0,2.0
74.21670290839647,0.0,61.933546293166785,0.1754375,2.0,2.0
75.21995504444162,0.0,62.71520804990072,0.151125,2.0,2.0
75.82844741389097,0.0,69.00713843923577,0.0116875,2.0,2.0
72.28260950180305,0.0,68.3502316667169,0.040125,2.0,2.0
72.28260950180305,0.0,70.05701977461422,0.1605,3.875,3.875
75.21396059287135,0.0,70.9826666020495,0.013375,5.0,5.0
53.58371191582986,2.0499238559004684,57.05862285518778,0.063,5.0,5.0
27.890829843917274,0.0,49.01663746395467,0.252,5.0,5.0
27.186035796579347,0.0,44.55962443238202,0.021,5.0,5.0
23.92397220829688,0.0,41.183380367379506,0.0,5.0,5.0
22.634576603901273,0.051751625925029666,38.382429529280586,0.0,6.25,6.25
18.98125106282732,0.0,0.0,0.0,7.0,7.0
17.15458829229034,0.0,0.0,0.0,7.0,7.0
13.70432548048421,0.0,0.0,0.0,7.0,7.0
13.442889942541491,0.0,0.0,0.0,7.0,7.0
13.442889942541491,0.0,0.0,0.0,7.0,7.0
13.442889942541491,0.0,0.0,0.0,7.0,7.0
13.442889942541491,0.0,0.0,0.0,7.0,7.0
13.442889942541491,0.0,0.0,0.0459375,7.0,7.0
18.017658733987762,2.7232451819300483,34.12735494096527,0.2574375,7.0,7.0
36.005472857371096,14.102760470679067,29.66375422721788,0.404,7.0,7.0
83.0243533661785,2.257440764110351,45.11187703015929,0.5115,7.0,7.0
74.22677257488996,0.3333746142103409,47.02473909559168,0.6020625,3.875,3.875
72.28260950180305,0.0,49.17062167755561,0.6798125,2.0,2.0
74.21670290839647,0.00590283413139332,53.90029990871421,0.7419375,2.0,2.0
75.21995504444162,1.8401478786017644,54.339825766721944,0.7701875,2.0,2.0
75.82844741389097,0.0,63.58732650296904,0.76775,2.0,2.0
72.28260950180305,0.0,64.80773548757212,0.7586875,2.0,2.0
72.28260950180305,0.0,69.59458307798936,0.7415,2.625,2.625
75.19381993875255,0.0,76.15077211753466,0.7075625,3.0,3.0
53.89396719843402,1.688492875994788,64.74948016930847,0.6285,3.0,3.0
28.490240393598313,0.0,55.03402524354359,0.4048125,3.0,3.0
27.344768495869438,0.0,48.6131939061188,0.0303125,3.0,3.0
23.92397220829688,0.0,44.28900919417885,0.0,3.0,3.0
22.634576603901273,0.0,40.67477070229706,0.0,1.75,1.75
18.98125106282732,0.0,0.0,0.0,1.0,1.0
17.15458829229034,0.0,0.0,0.0,1.0,1.0
13.70432548048421,0.0,0.0,0.0,1.0,1.0
13.442889942541491,0.0,0.0,0.0,1.0,1.0
13.442889942541491,0.0,0.0,0.0,1.0,1.0
13.442889942541491,0.0,0.0,0.0,1.625,1.625
13.442889942541491,0.0,0.0,0.0,2.0,2.0
13.442889942541491,0.0,0.0,0.0230625,2.0,2.0
17.998223411149496,1.7759620535698635,36.0680915169563,0.160125,2.0,2.0
35.767702214797076,12.470091068289376,32.81735004813859,0.365625,2.0,2.0
82.85753911026946,1.4118301742522574,47.151346352345705,0.470375,2.0,2.0
74.21670290839647,0.22284266140700493,48.4309427021303,0.5525,3.25,3.25
72.28260950180305,0.0,50.72982924745822,0.6240625,4.0,4.0
74.21670290839647,0.0,55.86565029714001,0.6846875,4.0,4.0
75.21995504444162,0.7199771094422039,55.93844583571882,0.734125,4.0,4.0
75.82844741389097,0.0,65.61205928755311,0.7650625,4.0,4.0
72.28260950180305,0.0,67.04407133589704,0.7586875,4.0,4.0
72.28260950180305,0.0,72.21657522929067,0.7415,4.625,4.625
75.18374961169317,0.0,77.70793532346386,0.70775,5.0,5.0
53.62878785731791,1.537987058156402,65.6114105208456,0.6301875,5.0,5.0
28.31727143962345,0.0,55.60143172428969,0.408625,5.0,5.0
27.344768495869438,0.0,48.59978388478448,0.030625,5.0,5.0
23.92397220829688,0.0,44.12760254726364,0.0,5.0,5.0
22.634576603901273,0.016455919400856146,40.55119188999327,0.0,3.75,3.75
18.98125106282732,0.0,0.0,0.0,3.0,3.0
17.15458829229034,0.0,0.0,0.0,3.0,3.0
13.70432548048421,0.0,0.0,0.0,3.0,3.0
13.442889942541491,0.0,0.0,0.0,3.0,3.0
13.442889942541491,0.0,0.0,0.0,3.0,3.0
13.442889942541491,0.0,0.0,0.0,2.375,2.375
13.442889942541491,0.0,0.0,0.0,2.0,2.0
13.442889942541491,0.0,0.0,0.057375,2.0,2.0
18.088945515625543,2.2024239010193347,36.714663797421935,0.3196875,2.0,2.0
36.56585240075503,13.000702460573038,32.48891111586624,0.4944375,2.0,2.0
84.74681486173321,1.9345347546902483,47.86757328659436,0.6235,2.0,2.0
75.02830489007029,0.1868837882604894,50.294551829961144,0.723125,2.625,2.625
72.32449278996988,0.0,52.15307098185173,0.76675,3.0,3.0
74.21670290839647,0.0,57.327116734039194,0.77275,3.0,3.0
75.21995504444162,0.07123420659689206,58.29644725415664,0.77225,3.0,3.0
75.82844741389097,0.0,66.43290469004833,0.76775,3.0,3.0
72.33456377759516,0.0,67.264945585913,0.7586875,3.0,3.0
72.96304369285946,0.0,71.18213950943034,0.7416875,6.125,6.125
76.89370182205633,0.0,76.92110895690855,0.7086875,8.0,8.0
55.34303774411021,0.1963916280470401,65.71684534223533,0.6319375,8.0,8.0
28.916012943056543,0.0,57.5369960334823,0.4124375,8.0,8.0
27.441314862903482,0.0,52.983132677597666,0.0309375,8.0,8.0
23.92397220829688,0.0,49.62245375029912,0.0,8.0,8.0
22.634576603901273,0.0,46.35161071797889,0.0,4.25,4.25
18.98125106282732,0.0,0.0,0.0,2.0,2.0
17.15458829229034,0.0,0.0,0.0,2.0,2.0
13.70432548048421,0.0,0.0,0.0,2.0,2.0
13.442889942541491,0.0,0.0,0.0,2.0,2.0
13.442889942541491,0.0,0.0,0.0,2.0,2.0
13.442889942541491,0.0,0.0,0.0,0.75,0.75
13.442889942541491,0.0,0.0,0.0,0.0,0.0
13.442889942541491,0.0,0.0,0.060375,0.0,0.0
18.103522007754243,2.4639091715626864,37.355857881527626,0.3358125,0.0,0.0
36.714218375775786,12.663049174829245,34.1669651855809,0.517,0.0,0.0
85.53150018034432,1.4418368658368774,51.13229306280033,0.65075,0.0,0.0
75.3853650712931,0.04952718546969481,57.93832666276905,0.7473125,0.0,0.0
72.95070715958501,0.0,62.26952381165007,0.768625,0.0,0.0
74.43575033034777,0.0,67.89024286485923,0.77275,0.0,0.0
75.29365261484767,0.0,71.73895821680381,0.77225,0.0,0.0
76.19445624433845,0.0,77.7706612015953,0.76775,0.0,0.0
73.25310492699883,0.0,78.3245608724785,0.7586875,0.0,0.0
73.46720819389877,0.0,81.33724473362292,0.7416875,3.125,3.125
78.12578843043511,0.0,85.59479091028062,0.708875,5.0,5.0
55.78702349325349,0.0,74.69759868293848,0.633625,5.0,5.0
28.98742679526541,0.0,63.45425147492113,0.41625,5.0,5.0
27.441314862903482,0.0,56.59504681368101,0.03125,5.0,5.0
23.92397220829688,0.0,52.60552444165271,0.0,5.0,5.0
22.634576603901273,0.0,49.552366411391965,0.0,2.5,2.5
18.98125106282732,0.0,0.0,0.0,1.0,1.0
17.15458829229034,0.0,0.0,0.0,1.0,1.0
13.70432548048421,0.0,0.0,0.0,1.0,1.0
10.350306470193523,0.0,0.0,0.0,1.0,1.0
10.350306470193523,0.0,0.0,0.0,1.0,1.0
10.350306470193523,0.0,0.0,0.0,3.5,3.5
10.350306470193523,0.0,0.0,0.0,5.0,5.0
10.350306470193523,0.0,0.0,0.0148125,5.0,5.0
17.8115236338155,0.6030594937392696,40.5815731510663,0.0823125,5.0,5.0
23.369785132184678,0.39671535520618334,40.29354814539661,0.12625,5.0,5.0
32.29541409664253,0.0,46.27020612190874,0.1580625,5.0,5.0
34.55185640433484,0.0,51.784761548741706,0.1461875,7.5,7.5
33.58480970103814,0.0,55.43393338676368,0.011375,9.0,9.0
35.84125200873044,0.0,57.446468388047464,0.0,9.0,9.0
24.492573044144226,0.0,56.68430964472131,0.0,9.0,9.0
21.913781835353017,0.0,56.158293445453744,0.0504375,9.0,9.0
20.302037329858514,0.0,55.72538066205457,0.2540625,9.0,9.0
19.012641725462906,0.0,54.47024231000204,0.2260625,7.125,7.125
19.33499062656181,0.0,51.480178776361974,0.0174375,6.0,6.0
14.872176474615825,0.0,49.12507939691037,0.0778125,6.0,6.0
12.937377427475402,0.0,0.0,0.31125,6.0,6.0
10.546384569578622,0.0,0.0,0.0259375,6.0,6.0
10.350306470193523,0.0,0.0,0.0,6.0,6.0
10.350306470193523,0.0,0.0,0.0,6.0,6.0
10.350306470193523,0.0,0.0,0.0,6.0,6.0
10.350306470193523,0.0,0.0,0.0,6.0,6.0
10.350306470193523,0.0,0.0,0.0,6.0,6.0
10.350306470193523,0.0,0.0,0.0,6.0,6.0
10.350306470193523,0.0,0.0,0.0,6.0,6.0
10.350306470193523,0.0,0.0,0.0,6.0,6.0
10.350306470193523,0.0,0.0,0.0,6.0,6.0
10.350306470193523,0.0,0.0,0.0241875,6.0,6.0
12.96516259265679,0.0,0.0,0.1655625,6.0,6.0
13.02706383112162,0.0,0.0,0.3699375,6.0,6.0
12.94747928078726,0.0,0.0,0.4714375,6.0,6.0
12.933047904492726,0.0,0.0,0.552,4.75,4.75
12.933047904492726,0.0,0.0,0.6210625,4.0,4.0
12.933047904492726,0.0,0.0,0.68075,4.0,4.0
12.933047904492726,0.0,0.0,0.7303125,4.0,4.0
12.933047904492726,0.0,0.0,0.7625625,4.0,4.0
12.933047904492726,0.0,0.0,0.7585,4.0,4.0
12.933047904492726,0.26280108167372057,15.683369321401864,0.7416875,5.875,5.875
12.933047904492726,0.12092612447010798,35.215178070357965,0.70925,7.0,7.0
12.944269050014459,0.05408564416377219,39.73083376121413,0.6368125,7.0,7.0
10.500323742732176,0.005602912666459814,28.16668911230622,0.423125,7.0,7.0
10.37087642169866,0.0,0.0,0.0318125,7.0,7.0
10.350306470193523,0.0,0.0,0.0,7.0,7.0
10.350306470193523,0.0,0.0,0.0,3.25,3.25
10.350306470193523,0.0,0.0,0.0,1.0,1.0
10.350306470193523,0.0,0.0,0.0,1.0,1.0
10.350306470193523,0.0,0.0,0.0,1.0,1.0
13.442889942541491,0.0,0.0,0.0,1.0,1.0
13.442889942541491,0.0,0.0,0.0,1.0,1.0
13.442889942541491,0.0,0.0,0.0,1.0,1.0
13.442889942541491,0.0,0.0,0.0,1.0,1.0
13.442889942541491,0.0,0.0,0.0575625,1.0,1.0
18.083643245346657,1.4842455587599301,36.292350361472685,0.3181875,1.0,1.0
36.51493452299115,10.884615644894694,33.70548396522012,0.48175,1.0,1.0
84.4368576765976,1.247344819921703,51.13148898622999,0.6026875,1.0,1.0
74.7621158266763,0.1909434274563628,57.21346603565796,0.701625,2.875,2.875
72.28260950180305,0.12874775890710408,61.92063862580721,0.764875,4.0,4.0
74.21670290839647,0.12750993908479358,66.40491893262379,0.7718125,4.0,4.0
75.21995504444162,0.023446673942991766,70.80264936775484,0.77125,4.0,4.0
75.82844741389097,0.0,75.43572251994826,0.76675,4.0,4.0
72.28260950180305,0.0,76.08522695590463,0.757875,4.0,4.0
72.51811098079425,0.0,80.48093186587175,0.7418125,4.625,4.625
76.51758897225434,0.0,85.74715204313217,0.7101875,5.0,5.0
55.09148957437818,0.0,78.69681758820718,0.638375,5.0,5.0
28.82728099891698,0.0,69.44056080835502,0.4261875,5.0,5.0
27.38167857568072,0.0,62.85063290336797,0.0320625,5.0,5.0
23.92397220829688,0.0,60.30034124532971,0.0,5.0,5.0
22.634576603901273,0.0,58.45642074596774,0.0,3.75,3.75
18.98125106282732,0.0,0.0,0.0,3.0,3.0
17.15458829229034,0.0,0.0,0.0,3.0,3.0
13.70432548048421,0.0,0.0,0.0,3.0,3.0
13.442889942541491,0.0,0.0,0.0,3.0,3.0
13.442889942541491,0.0,0.0,0.0,3.0,3.0
13.442889942541491,0.0,0.0,0.0,4.25,4.25
13.442889942541491,0.0,0.0,0.0,5.0,5.0
13.442889942541491,0.0,0.0,0.0568125,5.0,5.0
18.073925583927522,0.1753461923062954,51.73749067010652,0.3135,5.0,5.0
36.42473441079421,0.939872286625128,51.15419341818938,0.4723125,5.0,5.0
84.23201098295466,0.07129892887941605,65.96591690698381,0.589375,5.0,5.0
74.57897444285767,0.0,69.68215057152277,0.6880625,5.0,5.0
72.28260950180305,0.0,72.7696523655173,0.760875,5.0,5.0
74.21670290839647,0.0,79.93726140830408,0.7715625,5.0,5.0
75.21995504444162,0.0,84.45022325948833,0.77125,5.0,5.0
75.82844741389097,0.0,91.97354685705719,0.76675,5.0,5.0
72.28260950180305,0.0,94.78922024454761,0.757875,5.0,5.0
72.39658838044667,0.0,98.584057282271,0.7418125,6.25,6.25
76.18977303523282,0.0,101.68159605006913,0.710375,7.0,7.0
54.93254868583414,0.0,85.6985521475888,0.639875,7.0,7.0
28.789468968694226,0.0,73.49459888598642,0.42925,7.0,7.0
27.363223535775077,0.0,65.51701351925688,0.0323125,7.0,7.0
23.92397220829688,0.0,63.08886460889111,0.0,7.0,7.0
22.634576603901273,0.0,61.27730414288049,0.0,4.5,4.5
18.98125106282732,0.0,0.0,0.0,3.0,3.0
17.15458829229034,0.0,0.0,0.0,3.0,3.0
13.70432548048421,0.0,0.0,0.0,3.0,3.0
13.442889942541491,0.0,0.0,0.0,3.0,3.0
13.442889942541491,0.0,0.0,0.0,3.0,3.0
13.442889942541491,0.0,0.0,0.0,3.0,3.0
13.442889942541491,0.0,0.0,0.0,3.0,3.0
13.442889942541491,0.0,0.0,0.0560625,3.0,3.0
18.059839233265134,0.1503668564341311,53.874640041352485,0.3088125,3.0,3.0
36.37570266412922,1.172321636555003,53.202548798932696,0.4630625,3.0,3.0
84.00951275059124,0.0,70.57617161787746,0.577,3.0,3.0
74.42622080956603,0.0,76.3084865686757,0.672875,5.5,5.5
72.28260950180305,0.0,80.0133666506141,0.7471875,7.0,7.0
74.21670290839647,0.0,86.75985537428514,0.7705,7.0,7.0
75.21995504444162,0.0,89.54984703105433,0.77125,7.0,7.0
75.82844741389097,0.0,97.71870958041023,0.76675,7.0,7.0
72.28260950180305,0.0,100.2721146767647,0.757875,7.0,7.0
72.31865696675848,0.0,105.25520127090249,0.7418125,8.25,8.25
75.82843623861126,0.0,108.71137581531217,0.7105625,9.0,9.0
54.77588310482091,0.0,93.30705362214702,0.641375,9.0,9.0
28.72458773853317,0.0,77.09231883460808,0.4323125,9.0,9.0
27.363223535775077,0.0,67.54283212562862,0.0325625,9.0,9.0
23.92397220829688,0.0,65.0119000338647,0.0,9.0,9.0
22.634576603901273,0.0,63.39593125996737,0.0,5.25,5.25
18.98125106282732,0.0,0.0,0.0,3.0,3.0
17.15458829229034,0.0,0.0,0.0,3.0,3.0
13.70432548048421,0.0,0.0,0.0,3.0,3.0
13.442889942541491,0.0,0.0,0.0,3.0,3.0
13.442889942541491,0.0,0.0,0.0,3.0,3.0
13.442889942541491,0.0,0.0,0.0,2.375,2.375
13.442889942541491,0.0,0.0,0.0005,2.0,2.0
13.442889942541491,0.0,0.0,0.003,2.0,2.0
17.83732110827377,0.09835202971978986,58.033834975902636,0.0743125,2.0,2.0
35.23275963928111,0.6509514643010877,55.59042503880588,0.29625,2.0,2.0
82.59777433696789,0.0,70.73680457650923,0.0246875,2.0,2.0
74.21670290839647,0.0,70.94220321984744,0.0,3.875,3.875
72.28260950180305,0.0,71.58670577221933,0.0,5.0,5.0
74.21670290839647,0.0,74.63073074430461,0.0,5.0,5.0
75.21995504444162,0.07961495654444393,71.85816817682716,0.0,5.0,5.0
75.82844741389097,0.0,79.64216005604912,0.0,5.0,5.0
72.28260950180305,0.0,79.78195723284658,0.0,5.0,5.0
72.28260950180305,0.0,81.01673407509456,0.0,5.0,5.0
75.18374961169317,0.0,84.80662912939866,0.124875,5.0,5.0
53.5165764021006,0.0,86.18471470843889,0.59775,5.0,5.0
27.818734914006388,0.0,79.33552922109885,0.434625,5.0,5.0
26.90715207966104,0.0,64.50510295132875,0.03275,5.0,5.0
23.92397220829688,0.0,59.28082033140796,0.0,5.0,5.0
22.634576603901273,0.0,55.96286797858393,0.0,4.375,4.375
18.98125106282732,0.0,0.0,0.0,4.0,4.0
17.15458829229034,0.0,0.0,0.0,4.0,4.0
13.70432548048421,0.0,0.0,0.0,4.0,4.0
13.442889942541491,0.0,0.0,0.0,4.0,4.0
13.442889942541491,0.0,0.0,0.0,4.0,4.0
13.442889942541491,0.0,0.0,0.0,2.75,2.75
13.442889942541491,0.0,0.0,0.001375,2.0,2.0
13.442889942541491,0.0,0.0,0.0616875,2.0,2.0
18.030262670665802,0.4586561204119904,49.4030684519715,0.294125,2.0,2.0
36.21347511961463,4.404370561265717,47.745389958817896,0.4359375,2.0,2.0
83.4390635407138,0.036635520779802845,64.74007047329529,0.5405,2.0,2.0
74.3206088177171,0.0,69.36889485111008,0.6299375,2.625,2.625
72.28260950180305,0.0,72.66235719579315,0.706875,3.0,3.0
74.21670290839647,0.0,79.26763907424687,0.7635,3.0,3.0
75.21995504444162,0.0,80.63795537064686,0.7701875,3.0,3.0
75.82844741389097,0.0,89.69937866504733,0.7666875,3.0,3.0
72.28260950180305,0.0,91.50106318074256,0.757875,3.0,3.0
72.28260950180305,0.0,95.65633914326418,0.7418125,2.375,2.375
75.41331000947554,0.0,97.53266043404881,0.7109375,2.0,2.0
54.19504637914803,0.9919958837767133,76.57632446942405,0.6441875,2.0,2.0
28.606087634251743,0.0,57.34482739201213,0.4376875,2.0,2.0
27.301039019483337,0.0,47.88622924917532,0.033,2.0,2.0
23.92397220829688,0.0,45.29443988265927,0.0,2.0,2.0
22.634576603901273,0.0,46.36891848796021,0.0,1.375,1.375
18.98125106282732,0.0,0.0,0.0,1.0,1.0
17.15458829229034,0.0,0.0,0.0,1.0,1.0
13.70432548048421,0.0,0.0,0.0,1.0,1.0
10.350306470193523,0.0,0.0,0.0,1.0,1.0
10.350306470193523,0.0,0.0,0.0,1.0,1.0
10.350306470193523,0.0,0.0,0.0,1.0,1.0
10.350306470193523,0.0,0.0,0.00125,1.0,1.0
10.350306470193523,0.0,0.0,0.0444375,1.0,1.0
17.88431269066502,0.7898911401647503,42.541612934481776,0.1943125,1.0,1.0
23.3784439579614,0.21860276372173382,41.69422808327052,0.1960625,1.0,1.0
32.305483763136024,0.0,44.404175171118254,0.0153125,1.0,1.0
34.55185640433484,0.0,46.971653716501855,0.0755625,1.0,1.0
33.58480970103814,0.0,49.433960470743806,0.4010625,1.0,1.0
35.84125200873044,0.0,51.83923212556702,0.526375,1.0,1.0
24.492573044144226,0.0,52.94823851903989,0.5684375,1.0,1.0
21.913781835353017,0.0,54.50674402292155,0.5985625,1.0,1.0
20.302037329858514,0.0,55.69623157952523,0.622625,1.0,1.0
19.012641725462906,0.0,57.408877091312476,0.6254375,3.5,3.5
19.33499062656181,0.0,60.305514455870785,0.5859375,5.0,5.0
14.867141311086133,0.0,56.95820640802396,0.634875,5.0,5.0
12.949442575265994,0.037553141765039065,28.578107923574134,0.4399375,5.0,5.0
10.592723161371465,0.0,9.233390736899919,0.0331875,5.0,5.0
10.350306470193523,0.0,0.0,0.0,5.0,5.0
10.350306470193523,0.0,0.0,0.0,3.125,3.125
10.350306470193523,0.0,0.0,0.0,2.0,2.0
10.350306470193523,0.0,0.0,0.0,2.0,2.0
10.350306470193523,0.0,0.0,0.0,2.0,2.0
10.350306470193523,0.0,0.0,0.0,2.0,2.0
10.350306470193523,0.0,0.0,0.0,2.0,2.0
10.350306470193523,0.0,0.0,0.0,3.25,3.25
10.350306470193523,0.0,0.0,0.001125,4.0,4.0
10.350306470193523,0.0,0.0,0.00675,4.0,4.0
12.947105038400498,0.0,0.0,0.0005625,4.0,4.0
12.972985698067125,0.0,0.0,0.0,4.0,4.0
12.935285608157947,0.0,0.0,0.0,4.0,4.0
12.933047904492726,0.0,0.0,0.049875,3.375,3.375
12.933047904492726,0.0,0.0,0.1995,3.0,3.0
12.933047904492726,0.0,0.0,0.016625,3.0,3.0
12.933047904492726,0.0,0.0,0.0,3.0,3.0
12.933047904492726,0.0,0.0,0.0,3.0,3.0
12.933047904492726,0.0,0.0,0.06675,3.0,3.0
12.933047904492726,0.0,0.0,0.336375,3.0,3.0
12.933047904492726,0.149829909548935,20.339882462917657,0.37475,3.0,3.0
12.933047904492726,0.09336702161074996,27.902036080499855,0.323125,3.0,3.0
10.502511540423436,0.0,0.0,0.025,3.0,3.0
10.350306470193523,0.0,0.0,0.0,3.0,3.0
10.350306470193523,0.0,0.0,0.0,3.0,3.0
10.350306470193523,0.0,0.0,0.0,3.625,3.625
10.350306470193523,0.0,0.0,0.0,4.0,4.0
10.350306470193523,0.0,0.0,0.0,4.0,4.0
10.350306470193523,0.0,0.0,0.0,4.0,4.0
10.350306470193523,0.0,0.0,0.0,4.0,4.0
10.350306470193523,0.0,0.0,0.0,4.0,4.0
10.350306470193523,0.0,0.0,0.0,3.375,3.375
10.350306470193523,0.0,0.0,0.001625,3.0,3.0
10.350306470193523,0.0,0.0,0.0555,3.0,3.0
12.931491757288558,0.0,0.0,0.251125,3.0,3.0
12.980047852083176,0.0,0.0,0.368125,3.0,3.0
12.936169319871095,0.0,0.0,0.4544375,3.0,3.0
12.933047904492726,0.0,0.0,0.5275625,3.0,3.0
12.933047904492726,0.0,0.0,0.5914375,3.0,3.0
12.933047904492726,0.0,0.0,0.646125,3.0,3.0
12.933047904492726,0.0,0.0,0.6910625,3.0,3.0
12.933047904492726,0.0,0.0,0.658125,3.0,3.0
12.933047904492726,0.0,0.0,0.473875,3.0,3.0
12.933047904492726,0.29476105421294413,15.918671228523738,0.7185625,3.625,3.625
12.933047904492726,0.14818664406345353,41.909009799461735,0.6704375,4.0,4.0
12.944269050014459,0.0,33.3715040035159,0.4809375,4.0,4.0
10.494324239468515,0.008358018297505015,23.279548659872784,0.43125,4.0,4.0
10.400441644363715,0.0,0.0,0.0358125,4.0,4.0
10.350306470193523,0.0,0.0,0.0,4.0,4.0
10.350306470193523,0.0,0.0,0.0,3.375,3.375
10.350306470193523,0.0,0.0,0.0,3.0,3.0
10.350306470193523,0.0,0.0,0.0,3.0,3.0
10.350306470193523,0.0,0.0,0.0,3.0,3.0
13.442889942541491,0.0,0.0,0.0,3.0,3.0
13.442889942541491,0.0,0.0,0.0,3.0,3.0
13.442889942541491,0.0,0.0,0.0,3.0,3.0
13.442889942541491,0.0,0.0,0.001875,3.0,3.0
13.442889942541491,0.0,0.0,0.01125,3.0,3.0
17.92480212797189,0.6446416558144148,41.57293316405315,0.0009375,3.0,3.0
35.35680554215463,7.309376678102597,37.958194700607706,0.0410625,3.0,3.0
82.59777433696789,0.7253897415904383,51.20175849020971,0.16425,3.0,3.0
74.21670290839647,0.027588172042478622,51.965480296521385,0.0675,3.0,3.0
72.28260950180305,0.0,55.15531735436158,0.21525,3.0,3.0
74.21670290839647,0.0,59.840078304612916,0.0179375,3.0,3.0
75.21995504444162,0.0,62.75246051016253,0.0665625,3.0,3.0
75.82844741389097,0.0,67.82196298038623,0.3354375,3.0,3.0
72.28260950180305,0.0,72.91039133800793,0.3705625,3.0,3.0
72.28260950180305,0.0,75.67168945173722,0.3095625,4.875,4.875
75.18374961169317,0.0,72.31640095039302,0.023875,6.0,6.0
53.55014415896523,0.6416985718380235,58.907518136513225,0.0,6.0,6.0
28.013124694240332,0.0,52.778653782004,0.0013125,6.0,6.0
26.991058981874293,0.0,50.163508152836044,0.00525,6.0,6.0
23.92397220829688,0.0,47.44651733391221,0.0,6.0,6.0
22.634576603901273,0.0,45.409727998322715,0.0,2.25,2.25
18.98125106282732,0.0,0.0,0.0,0.0,0.0
17.15458829229034,0.0,0.0,0.0,0.0,0.0
13.70432548048421,0.0,0.0,0.0,0.0,0.0
13.442889942541491,0.0,0.0,0.0,0.0,0.0
13.442889942541491,0.0,0.0,0.0,0.0,0.0
13.442889942541491,0.0,0.0,0.0,1.25,1.25
13.442889942541491,0.0,0.0,0.005875,2.0,2.0
13.442889942541491,0.0,0.0,0.0975,2.0,2.0
18.083643245346657,0.9323477813679185,39.429455132276615,0.3426875,2.0,2.0
36.59500538501243,8.745747110289445,38.070307030447246,0.49625,2.0,2.0
85.27937173956772,0.4430818321560744,53.78938609665506,0.6113125,2.0,2.0
75.25844780964063,0.0,57.02293510988608,0.7055625,2.625,2.625
72.45369492521793,0.0,59.504593993903235,0.7635,3.0,3.0
74.21670290839647,0.0,63.573369851831245,0.77075,3.0,3.0
75.21995504444162,0.0,65.13962164544492,0.77025,3.0,3.0
75.82844741389097,0.0,72.5882918386237,0.7659375,3.0,3.0
72.49981585432886,0.0,73.59230514829159,0.7578125,3.0,3.0
73.32438048948103,0.0,78.65943979550926,0.742,3.625,3.625
77.15993134677016,0.0,85.61677196111455,0.71225,4.0,4.0
55.32536350984725,0.0,77.20345922960831,0.6493125,4.0,4.0
29.010077392793008,0.0,68.96098645573556,0.481375,4.0,4.0
27.1758664857147,0.0,62.554529581044555,0.1629375,4.0,4.0
23.92397220829688,0.0,57.826380455616935,0.0,4.0,4.0
22.634576603901273,0.0,53.61834842365622,0.0,2.125,2.125
18.98125106282732,0.0,0.0,0.0,1.0,1.0
17.15458829229034,0.0,0.0,0.0,1.0,1.0
13.70432548048421,0.0,0.0,0.0,1.0,1.0
13.442889942541491,0.0,0.0,0.0,1.0,1.0
13.442889942541491,0.0,0.0,0.0,1.0,1.0
13.442889942541491,0.0,0.0,0.0,1.625,1.625
13.442889942541491,0.0,0.0,0.0,2.0,2.0
13.442889942541491,0.0,0.0,0.0,2.0,2.0
18.129425152998873,0.29432427769307196,46.61074894968041,0.0,2.0,2.0
35.80882668234331,4.999004005121129,42.666208296799795,0.0,2.0,2.0
83.20107508386597,0.3346201879654575,55.424298401096,0.0,2.0,2.0
74.36672462803425,0.24420616478273952,54.74468681482063,0.0,3.25,3.25
72.28260950180305,0.013910312629221152,55.19560488143538,0.0,4.0,4.0
74.21670290839647,0.0,57.95648441043061,0.0,4.0,4.0
75.21995504444162,3.457489901534827,55.688574974935875,0.0,4.0,4.0
75.82844741389097,0.0,61.617894583670555,0.0,4.0,4.0
72.28260950180305,0.0,61.17168138118636,0.0,4.0,4.0
72.28260950180305,0.0,62.394786560897366,0.0,3.375,3.375
75.41170736898039,0.0,65.18067791452292,0.0,3.0,3.0
53.87825887189666,2.598774779767327,56.73557616389977,0.0,3.0,3.0
28.47743844262715,0.0,49.42794697225695,0.0,3.0,3.0
26.98001953419128,0.0,47.85598065426881,0.0,3.0,3.0
23.92397220829688,0.0,45.527914843072445,0.0,3.0,3.0
22.634576603901273,0.0,43.5938359139193,0.0,1.125,1.125
18.98125106282732,0.0,0.0,0.0,0.0,0.0
17.15458829229034,0.0,0.0,0.0,0.0,0.0
13.70432548048421,0.0,0.0,0.0,0.0,0.0
13.442889942541491,0.0,0.0,0.0,0.0,0.0
13.442889942541491,0.0,0.0,0.0,0.0,0.0
13.442889942541491,0.0,0.0,0.0,1.25,1.25
13.442889942541491,0.0,0.0,0.008375,2.0,2.0
13.442889942541491,0.0,0.0,0.117375,2.0,2.0
17.75283903163993,0.7163336490906861,42.57228469932057,0.2726875,2.0,2.0
35.28753427537498,5.393188743406612,41.00490418740042,0.022375,2.0,2.0
82.59777433696789,0.185974840582724,57.33109190235332,0.0,2.0,2.0
74.21670290839647,0.0002471798256119655,57.291408714612395,0.0,2.625,2.625
72.28260950180305,0.0,59.81893761652245,0.0,3.0,3.0
74.21670290839647,0.0,64.53733289448778,0.0,3.0,3.0
75.21995504444162,0.0,67.26551228920775,0.0,3.0,3.0
75.82844741389097,0.0,72.13454222101713,0.0,3.0,3.0
72.28260950180305,0.0,73.79084953595927,0.0,3.0,3.0
72.28260950180305,0.0,77.59320711112294,0.1351875,3.0,3.0
75.18374961169317,0.0,96.35379404309822,0.54075,3.0,3.0
53.53336028053292,0.0,76.92752069360716,0.0450625,3.0,3.0
27.936070568336454,0.0,65.44514105977014,0.0,3.0,3.0
26.06801014488222,0.0,63.48435406141282,0.0,3.0,3.0
23.92397220829688,0.0,61.54918682299869,0.0,3.0,3.0
22.634576603901273,0.0,59.425356220743524,0.0,1.125,1.125
18.98125106282732,0.0,0.0,0.0,0.0,0.0
17.15458829229034,0.0,0.0,0.0,0.0,0.0
13.70432548048421,0.0,0.0,0.0,0.0,0.0
10.350306470193523,0.0,0.0,0.0,0.0,0.0
10.350306470193523,0.0,0.0,0.0,0.0,0.0
10.350306470193523,0.0,0.0,0.0,1.875,1.875
10.350306470193523,0.0,0.0,0.006125,3.0,3.0
10.350306470193523,0.0,0.0,0.086625,3.0,3.0
17.98546104434408,0.36648780584081514,42.1792294465252,0.274375,3.0,3.0
23.56165967218499,0.06475151217511847,41.90350310081734,0.392375,3.0,3.0
32.462741437168894,0.0,45.13211572172443,0.480875,3.0,3.0
34.55521295983268,0.0,50.16301012979947,0.55675,4.25,4.25
33.58480970103814,0.0,54.33515400388494,0.6225,5.0,5.0
35.84125200873044,0.0,57.550443274227696,0.6784375,5.0,5.0
24.492573044144226,0.0,58.8373249232374,0.725125,5.0,5.0
21.913781835353017,0.0,59.802345182999524,0.756625,5.0,5.0
20.302037329858514,0.0,60.12020128872309,0.7565625,5.0,5.0
19.012641725462906,0.0,60.83810798695935,0.742125,3.75,3.75
19.33666901440504,0.0,63.06931662711874,0.713375,3.0,3.0
14.887306042227667,0.0,57.8849526287285,0.6521875,3.0,3.0
13.04174907570244,0.03137559862776943,16.76465036878137,0.4888125,3.0,3.0
10.554407432681995,0.008782751983723755,18.487743772862125,0.171625,3.0,3.0
10.350306470193523,0.0,0.0,0.0,3.0,3.0
10.350306470193523,0.0,0.0,0.0,3.0,3.0
10.350306470193523,0.0,0.0,0.0,3.0,3.0
10.350306470193523,0.0,0.0,0.0,3.0,3.0
10.350306470193523,0.0,0.0,0.0,3.0,3.0
10.350306470193523,0.0,0.0,0.0,3.0,3.0
10.350306470193523,0.0,0.0,0.0,3.0,3.0
10.350306470193523,0.0,0.0,0.0,1.125,1.125
10.350306470193523,0.0,0.0,0.00775,0.0,0.0
10.350306470193523,0.0,0.0,0.105375,0.0,0.0
12.995970503714611,0.0,0.0,0.32375,0.0,0.0
13.110831905943854,0.0,0.0,0.4611875,0.0,0.0
13.03554563389986,0.14011083513939923,4.896201324221588,0.5653125,0.0,0.0
12.95606037611059,0.03934272749249468,8.32186340705744,0.654,2.5,2.5
12.933047904492726,0.0,0.0,0.7269375,4.0,4.0
12.933047904492726,0.0,0.0,0.7670625,4.0,4.0
12.933047904492726,0.0,0.0,0.7694375,4.0,4.0
12.933047904492726,0.0,0.0,0.7656875,4.0,4.0
12.933047904492726,0.0,3.044053450646141,0.7570625,4.0,4.0
12.938820601802961,0.3921098121645758,44.7582227577651,0.742125,3.375,3.375
12.983662040123757,0.01376184587109492,43.965559461046745,0.7135625,3.0,3.0
13.050144625058772,0.01913657786841759,38.88703850804149,0.6533125,3.0,3.0
10.5358419165728,0.014994478553658154,48.152098470708836,0.4909375,3.0,3.0
10.361217008840663,0.0,19.901845698653798,0.174,3.0,3.0
10.350306470193523,0.0,0.0,0.0,3.0,3.0
10.350306470193523,0.0,0.0,0.0,3.0,3.0
10.350306470193523,0.0,0.0,0.0,3.0,3.0
10.350306470193523,0.0,0.0,0.0,3.0,3.0
10.350306470193523,0.0,0.0,0.0,3.0,3.0
13.442889942541491,0.0,0.0,0.0,3.0,3.0
13.442889942541491,0.0,0.0,0.0,3.0,3.0
13.442889942541491,0.0,0.0,0.0,3.0,3.0
13.442889942541491,0.0,0.0,0.008,3.0,3.0
13.442889942541491,0.0,0.0,0.105375,3.0,3.0
18.050121571846,0.7327727798040523,45.05592105852828,0.3154375,3.0,3.0
36.24115767947309,3.812899313817419,45.94078441744419,0.4479375,3.0,3.0
84.23614204476952,0.04727404565892267,66.25074086075561,0.54875,3.0,3.0
74.43629047605953,0.0,69.51093427719712,0.633875,4.25,4.25
72.28260950180305,0.0,72.8837822486515,0.7084375,5.0,5.0
74.21670290839647,0.0,77.8164013641227,0.7626875,5.0,5.0
75.21995504444162,0.0,79.54058393777065,0.769,5.0,5.0
75.82844741389097,0.0,89.16582000721611,0.7649375,5.0,5.0
72.28260950180305,0.0,91.0916325507963,0.757,5.0,5.0
72.30858663969912,0.0,96.03445315415759,0.742125,3.75,3.75
75.6857468239202,0.0,100.89744378896435,0.7135625,3.0,3.0
54.36163248011771,0.0,87.80183512884342,0.653875,3.0,3.0
28.774253665635587,0.0,74.69706796964205,0.4939375,3.0,3.0
27.034748495753885,0.0,67.05882924272973,0.1771875,3.0,3.0
23.92397220829688,0.0,64.05505409710713,0.0,3.0,3.0
22.634576603901273,0.0,62.21015045031281,0.0,1.75,1.75
18.98125106282732,0.0,0.0,0.0,1.0,1.0
17.15458829229034,0.0,0.0,0.0,1.0,1.0
13.70432548048421,0.0,0.0,0.0,1.0,1.0
13.442889942541491,0.0,0.0,0.0,1.0,1.0
13.442889942541491,0.0,0.0,0.0,1.0,1.0
13.442889942541491,0.0,0.0,0.0,1.625,1.625
13.442889942541491,0.0,0.0,0.007875,2.0,2.0
13.442889942541491,0.0,0.0,0.100875,2.0,2.0
18.012799903278196,0.32222852918729966,49.31025998579791,0.2949375,2.0,2.0
36.10490048952086,2.708703059342798,49.34984210429493,0.418,2.0,2.0
83.3993250204516,0.00701789737888521,72.83543950293247,0.511125,2.0,2.0
74.3206088177171,0.0,76.84786784267689,0.590125,1.375,1.375
72.28260950180305,0.0,80.27663709811507,0.6590625,1.0,1.0
74.21670290839647,0.0,86.59521115806548,0.718375,1.0,1.0
75.21995504444162,0.0,89.29297175132812,0.7596875,1.0,1.0
75.82844741389097,0.0,100.48265405500716,0.7644375,1.0,1.0
72.28260950180305,0.0,103.57885038320605,0.7568125,1.0,1.0
72.28260950180305,0.0,106.97816347271582,0.741375,2.875,2.875
75.25584454160405,0.0,110.07930087386967,0.7136875,4.0,4.0
54.07026205442408,0.0,92.57453925650091,0.655,4.0,4.0
28.544482217391074,0.0,76.35443010889682,0.4960625,4.0,4.0
26.935653899650863,0.0,67.5409379810262,0.1795625,4.0,4.0
23.92397220829688,0.0,62.28542030398028,0.0,4.0,4.0
22.634576603901273,0.0,58.52401598158832,0.0,3.375,3.375
18.98125106282732,0.0,0.0,0.0,3.0,3.0
17.15458829229034,0.0,0.0,0.0,3.0,3.0
13.70432548048421,0.0,0.0,0.0,3.0,3.0
13.442889942541491,0.0,0.0,0.0,3.0,3.0
13.442889942541491,0.0,0.0,0.0,3.0,3.0
13.442889942541491,0.0,0.0,0.0,3.625,3.625
13.442889942541491,0.0,0.0,0.003875,4.0,4.0
13.442889942541491,0.0,0.0,0.0703125,4.0,4.0
17.976802218567364,0.3770575761981988,50.55839889433118,0.257125,4.0,4.0
35.68430861738978,3.3930275232063747,48.37468548167258,0.36575,4.0,4.0
82.87344592110614,0.053580607412382054,70.56834951279694,0.447,4.0,4.0
74.21670290839647,0.0,73.10488612085777,0.5160625,4.0,4.0
72.28260950180305,0.0,75.88226898539322,0.5759375,4.0,4.0
74.21670290839647,0.0,81.51358006836045,0.6268125,4.0,4.0
75.21995504444162,0.0,83.93304276319591,0.668875,4.0,4.0
75.82844741389097,0.0,94.87095375155266,0.702875,4.0,4.0
72.28260950180305,0.0,97.08229549524278,0.7286875,4.0,4.0
72.28260950180305,0.0,100.8435164335332,0.739375,2.75,2.75
75.18374961169317,0.0,104.06289273269626,0.7136875,2.0,2.0
53.62878785731791,0.0847490396021958,84.72152360764223,0.655375,2.0,2.0
28.313914663936988,0.0,63.82959082452825,0.498125,2.0,2.0
26.589150049488325,0.0,53.88806148743699,0.1819375,2.0,2.0
23.92397220829688,0.0,50.06063487134569,0.0,2.0,2.0
22.634576603901273,0.0,49.18709509119223,0.0,1.375,1.375
18.98125106282732,0.0,0.0,0.0,1.0,1.0
17.15458829229034,0.0,0.0,0.0,1.0,1.0
13.70432548048421,0.0,0.0,0.0,1.0,1.0
13.442889942541491,0.0,0.0,0.0,1.0,1.0
13.442889942541491,0.0,0.0,0.0,1.0,1.0
13.442889942541491,0.0,0.0,0.0,1.625,1.625
13.442889942541491,0.0,0.0,0.00875,2.0,2.0
13.442889942541491,0.0,0.0,0.107625,2.0,2.0
18.013918755110804,0.776695551862283,45.53267238302547,0.302875,2.0,2.0
36.18829408692815,5.64527255421962,45.177673302363864,0.4261875,2.0,2.0
83.66156177307724,0.10363286554979731,69.153414279095,0.5204375,2.0,2.0
74.35081781719758,0.0,72.39759171252967,0.601,2.0,2.0
72.28260950180305,0.0,74.77479305724859,0.6700625,2.0,2.0
74.21670290839647,0.0,79.09249392131385,0.728625,2.0,2.0
75.21995504444162,0.0,80.64613481480619,0.765625,2.0,2.0
75.82844741389097,0.0,89.26585307464293,0.764875,2.0,2.0
72.28260950180305,0.0,91.79653238824758,0.7568125,2.0,2.0
72.28260950180305,0.0,97.06489479580766,0.7415625,3.25,3.25
75.36558957696553,0.0,102.70440281077008,0.714625,4.0,4.0
54.108911123621574,0.0,88.32162315111593,0.656375,4.0,4.0
28.58286332692273,0.0,74.16988199202282,0.4996875,4.0,4.0
26.963336459509325,0.0,67.09389921146064,0.185,4.0,4.0
23.92397220829688,0.0,63.554594209777584,0.0,4.0,4.0
22.634576603901273,0.0,60.64839323932596,0.0,2.75,2.75
18.98125106282732,0.0,0.0,0.0,2.0,2.0
17.15458829229034,0.0,0.0,0.0,2.0,2.0
13.70432548048421,0.0,0.0,0.0,2.0,2.0
13.442889942541491,0.0,0.0,0.0,2.0,2.0
13.442889942541491,0.0,0.0,0.0,2.0,2.0
13.442889942541491,0.0,0.0,0.0,2.0,2.0
13.442889942541491,0.0,0.0,0.011,2.0,2.0
13.442889942541491,0.0,0.0,0.1325625,2.0,2.0
18.336058690846233,0.24375341170086143,52.626973409778955,0.365875,2.0,2.0
37.57011368343676,0.9788218823109268,53.80397928293876,0.5141875,2.0,2.0
89.60983646943485,0.0,79.69792805141836,0.6270625,2.0,2.0
81.22876504086342,0.0,84.37667610191478,0.716875,3.25,3.25
79.29467163427002,0.0,87.26911357037605,0.76325,4.0,4.0
81.22876504086342,0.0,92.63501695703894,0.7688125,4.0,4.0
82.23201717690858,0.0,91.44614400359566,0.7684375,4.0,4.0
82.84050954635792,0.0,101.08066748614364,0.764875,4.0,4.0
79.29467163427002,0.0,103.36704473592297,0.7568125,4.0,4.0
79.29467163427002,0.0,107.79976680286767,0.7415625,4.625,4.625
82.19581174416012,0.0,112.66010645813455,0.714625,5.0,5.0
57.41216647569334,0.0,96.08875970856884,0.65675,5.0,5.0
30.156088958162037,0.0,78.66074022496261,0.5019375,5.0,5.0
27.57729774937083,0.0,69.91875519253797,0.188125,5.0,5.0
23.92397220829688,0.0,65.92077839605962,0.0,5.0,5.0
22.634576603901273,0.0,64.14667773640342,0.0,3.125,3.125
18.98125106282732,0.0,0.0,0.0,2.0,2.0
17.15458829229034,0.0,0.0,0.0,2.0,2.0
13.70432548048421,0.0,0.0,0.0,2.0,2.0
10.350306470193523,0.0,0.0,0.0,2.0,2.0
10.350306470193523,0.0,0.0,0.0,2.0,2.0
10.350306470193523,0.0,0.0,0.0,1.375,1.375
10.350306470193523,0.0,0.0,0.011125,1.0,1.0
10.350306470193523,0.0,0.0,0.1321875,1.0,1.0
18.083643245346657,0.21215588720529585,57.17358409664549,0.35975,1.0,1.0
23.82526689848139,0.0,59.263187511804155,0.5048125,1.0,1.0
33.37271652313929,0.0,65.2471169596302,0.614875,1.0,1.0
35.001046745856485,0.0,68.81959043321885,0.705625,2.25,2.25
33.79019126874535,0.0,68.327685110199,0.762375,3.0,3.0
35.87509186719364,0.0,67.52240748202017,0.7688125,3.0,3.0
24.492573044144226,0.0,68.08128143794404,0.7684375,3.0,3.0
21.946933706363083,0.0,68.76851082565942,0.764875,3.0,3.0
20.42796612833637,0.0,68.16845891762863,0.7568125,3.0,3.0
19.23989298442357,0.0,70.84938611825764,0.7415625,3.0,3.0
19.807727798100313,0.0,74.4135749781757,0.7148125,3.0,3.0
15.0730953578077,0.0,67.13807765519955,0.657875,3.0,3.0
13.141085560399782,0.03817848435643342,42.85754965083648,0.5040625,3.0,3.0
10.576634772120059,0.010806213322499389,31.680479298361448,0.1905,3.0,3.0
10.350306470193523,0.0,5.317963059641869,0.0129375,3.0,3.0
10.350306470193523,0.0,0.0,0.0,2.375,2.375
10.350306470193523,0.0,0.0,0.0,2.0,2.0
10.350306470193523,0.0,0.0,0.0,2.0,2.0
10.350306470193523,0.0,0.0,0.0,2.0,2.0
10.350306470193523,0.0,0.0,0.0,2.0,2.0
10.350306470193523,0.0,0.0,0.0,2.0,2.0
10.350306470193523,0.0,0.0,0.0,3.25,3.25
10.350306470193523,0.0,0.0,0.009875,4.0,4.0
10.350306470193523,0.0,0.0,0.1160625,4.0,4.0
12.978980163530125,0.0,0.0,0.31225,4.0,4.0
13.094071069193529,0.43912532075984145,15.565107091989463,0.43725,4.0,4.0
13.007826983161115,0.11534814393858005,31.16880346460648,0.5325625,4.0,4.0
12.941382444472604,0.01143310328685311,45.44913350598112,0.614125,4.0,4.0
12.933047904492726,0.012924451476694231,40.200393768985066,0.6841875,4.0,4.0
12.933047904492726,0.0,7.439398417463078,0.74075,4.0,4.0
12.933047904492726,0.29126852763335137,27.322748972197992,0.7665625,4.0,4.0
12.933047904492726,0.21823603005570144,30.497098669158266,0.764875,4.0,4.0
12.933047904492726,0.17192971967573653,42.08901843384849,0.7568125,4.0,4.0
12.933047904492726,0.009142191273947123,43.04257196579763,0.7415625,5.25,5.25
12.949901380360501,0.19534432442944802,49.53441871521829,0.7148125,6.0,6.0
13.00818314826182,0.10989444078930055,56.88391570645238,0.6580625,6.0,6.0
10.525036341155968,0.08680890840128042,43.77555103601591,0.5055625,6.0,6.0
10.355866640051415,0.06275631754495978,46.657443764344016,0.1935625,6.0,6.0
10.350306470193523,0.0,23.17482851014008,0.0131875,6.0,6.0
10.350306470193523,0.0,0.0,0.0,6.0,6.0
10.350306470193523,0.0,0.0,0.0,6.0,6.0
10.350306470193523,0.0,0.0,0.0,6.0,6.0
10.350306470193523,0.0,0.0,0.0,6.0,6.0
13.442889942541491,0.0,0.0,0.0,6.0,6.0
13.442889942541491,0.0,0.0,0.0,6.0,6.0
13.442889942541491,0.0,0.0,0.0,5.375,5.375
13.442889942541491,0.0,0.0,0.00625,5.0,5.0
13.442889942541491,0.0,0.0,0.0770625,5.0,5.0
17.913418973025426,0.11275299869870703,67.38812054561636,0.216875,5.0,5.0
35.53794794083224,0.0,66.59921141032595,0.3030625,5.0,5.0
82.66826200242235,0.0,89.94538263263348,0.3685625,5.0,5.0
74.21670290839647,0.0,93.33415286153802,0.424625,6.25,6.25
72.28260950180305,0.0,97.30308597650253,0.473,7.0,7.0
74.21670290839647,0.0,103.15762682450814,0.514875,7.0,7.0
75.21995504444162,0.0,104.210170244978,0.537625,7.0,7.0
75.82844741389097,0.0,114.5769867076128,0.5304375,7.0,7.0
72.28260950180305,0.0,118.58797591173169,0.59325,7.0,7.0
72.28260950180305,0.0,123.54362442869716,0.6158125,5.75,5.75
75.18374961169317,0.0,129.28039560596994,0.64,5.0,5.0
53.5165764021006,0.0,117.126860348502,0.6506875,5.0,5.0
27.87404596548496,0.0,93.92899459063709,0.5074375,5.0,5.0
25.960011158536343,0.0,82.90501703783437,0.1959375,5.0,5.0
23.869651073138172,0.0,71.14232960667577,0.013375,5.0,5.0
22.634576603901273,0.0,67.86627597783745,0.0,3.125,3.125
18.98125106282732,0.0,0.0,0.0,2.0,2.0
17.15458829229034,0.0,0.0,0.0,2.0,2.0
13.70432548048421,0.0,0.0,0.0,2.0,2.0
13.442889942541491,0.0,0.0,0.0,2.0,2.0
13.442889942541491,0.0,0.0,0.0,2.0,2.0
13.442889942541491,0.0,0.0,0.0,1.375,1.375
13.442889942541491,0.0,0.0,0.006375,1.0,1.0
13.442889942541491,0.0,0.0,0.0774375,1.0,1.0
17.87901042038613,0.10517073484003647,66.80678863540474,0.208875,1.0,1.0
35.29424738637064,0.0,68.09760759810315,0.2759375,1.0,1.0
82.65819233592885,0.0,97.00231423779522,0.354,1.0,1.0
74.21670290839647,0.0,99.88487264266286,0.3859375,2.25,2.25
72.28260950180305,0.0,104.64613921400957,0.4648125,3.0,3.0
74.21670290839647,0.0,110.8797145864935,0.508,3.0,3.0
75.21995504444162,0.0,112.10876115341,0.5304375,3.0,3.0
75.82844741389097,0.0,121.62309440552602,0.5106875,3.0,3.0
72.28260950180305,0.0,125.87899284888654,0.538,3.0,3.0
72.28260950180305,0.0,129.52712312374229,0.6036875,3.625,3.625
75.18374961169317,0.0,133.6308264184643,0.6175625,4.0,4.0
53.5165764021006,0.0,119.80547281613903,0.5895625,4.0,4.0
27.99741409348593,0.0,94.39786119520788,0.5036875,4.0,4.0
25.949406617978564,0.0,83.39495504483266,0.19825,4.0,4.0
23.869651073138172,0.0,71.44696855593578,0.0135625,4.0,4.0
22.634576603901273,0.0,68.08562380182521,0.0,1.5,1.5
18.98125106282732,0.0,0.0,0.0,0.0,0.0
17.15458829229034,0.0,0.0,0.0,0.0,0.0
13.70432548048421,0.0,0.0,0.0,0.0,0.0
13.442889942541491,0.0,0.0,0.0,0.0,0.0
13.442889942541491,0.0,0.0,0.0,0.0,0.0
13.442889942541491,0.0,0.0,0.0,2.5,2.5
13.442889942541491,0.0,0.0,0.0,4.0,4.0
13.442889942541491,0.0,0.0,0.0,4.0,4.0
18.068503778863843,0.08683068721595896,68.50005829025739,0.0,4.0,4.0
35.667846321543266,0.0,67.26946090561609,0.0,4.0,4.0
83.08286434363792,0.0,90.9304209320498,0.0,4.0,4.0
74.24691190787695,0.0,90.50873132889411,0.0,4.0,4.0
72.28260950180305,0.0,91.3414284531347,0.0,4.0,4.0
74.21670290839647,0.0,94.34940195894228,0.0,4.0,4.0
75.21995504444162,0.0,91.87295550827844,0.0,4.0,4.0
75.82844741389097,0.0,97.96957795741551,0.0,4.0,4.0
72.28260950180305,0.0,96.32532421162756,0.0,4.0,4.0
72.28260950180305,0.0,95.97072948301437,0.0,4.0,4.0
75.25424190110888,0.0,97.0389495221634,0.0,4.0,4.0
53.80050663031779,0.0,80.42586028693879,0.0,4.0,4.0
28.349008777543204,0.0,66.55627653104645,0.0,4.0,4.0
26.887933290895447,0.0,63.16274064913239,0.0,4.0,4.0
23.92397220829688,0.0,60.530134311169384,0.0,4.0,4.0
22.634576603901273,0.0,59.46387392851849,0.0,5.25,5.25
18.98125106282732,0.0,0.0,0.0,6.0,6.0
17.15458829229034,0.0,0.0,0.0,6.0,6.0
13.70432548048421,0.0,0.0,0.0,6.0,6.0
13.442889942541491,0.0,0.0,0.0,6.0,6.0
13.442889942541491,0.0,0.0,0.0,6.0,6.0
13.442889942541491,0.0,0.0,0.0,4.125,4.125
13.442889942541491,0.0,0.0,0.00425,3.0,3.0
13.442889942541491,0.0,0.0,0.06825,3.0,3.0
17.918277803734995,0.16708184702551007,56.17458907524946,0.2329375,3.0,3.0
35.56311609173354,0.42576241458861114,54.11616951996859,0.326625,3.0,3.0
82.70007562409566,0.0,75.2656710082082,0.397,3.0,3.0
74.21670290839647,0.0,78.14627891186808,0.4569375,4.875,4.875
72.28260950180305,0.0,80.26323241693706,0.508375,6.0,6.0
74.21670290839647,0.0,85.23197823406285,0.5530625,6.0,6.0
75.21995504444162,0.0,85.8485199905117,0.589125,6.0,6.0
75.82844741389097,0.0,95.34984733368945,0.6175,6.0,6.0
72.28260950180305,0.0,96.21698107247144,0.640125,6.0,6.0
72.28260950180305,0.0,99.95305690655847,0.65975,5.375,5.375
75.18374961169317,0.0,104.19930359382235,0.6765,5.0,5.0
53.56546625807146,0.0,87.27957732998456,0.657,5.0,5.0
28.11742544580044,0.0,68.14275404136288,0.511625,5.0,5.0
26.448170349254177,0.0,59.62885078359201,0.202875,5.0,5.0
23.905517168391235,0.0,55.91625026222904,0.0139375,5.0,5.0
22.634576603901273,0.0,54.80287614898268,0.0,3.75,3.75
18.98125106282732,0.0,0.0,0.0,3.0,3.0
17.15458829229034,0.0,0.0,0.0,3.0,3.0
13.70432548048421,0.0,0.0,0.0,3.0,3.0
13.442889942541491,0.0,0.0,0.0,3.0,3.0
13.442889942541491,0.0,0.0,0.0,3.0,3.0
13.442889942541491,0.0,0.0,0.0,3.0,3.0
13.442889942541491,0.0,0.0,0.011125,3.0,3.0
13.442889942541491,0.0,0.0,0.1254375,3.0,3.0
18.050121571846,0.2846900676535229,52.49541982312221,0.3224375,3.0,3.0
36.270310663730484,1.677009953818358,52.04152242867499,0.4481875,3.0,3.0
84.23614204476952,0.0,77.19067428586389,0.5435625,3.0,3.0
74.47233661988318,0.0,80.00241745918656,0.6253125,3.625,3.625
72.28260950180305,0.0,82.10072904120598,0.6959375,4.0,4.0
74.21670290839647,0.0,86.83528242136188,0.7495625,4.0,4.0
75.21995504444162,0.0,86.38047762811635,0.7663125,4.0,4.0
75.82844741389097,0.0,95.52968362347525,0.763875,4.0,4.0
72.28260950180305,0.0,96.93138480368225,0.756,4.0,4.0
72.29267982886245,0.0,101.09061875578044,0.7415,4.625,4.625
75.64969935896477,0.0,105.84728215506776,0.7151875,5.0,5.0
54.36163248011771,0.0,90.71915467855844,0.660875,5.0,5.0
28.68555658730654,0.0,75.71560811049703,0.51375,5.0,5.0
26.963336459509325,0.0,68.11292306140437,0.20525,5.0,5.0
23.92397220829688,0.0,64.14959617190185,0.014125,5.0,5.0
22.634576603901273,0.0,60.69811164915601,0.0,3.125,3.125
18.98125106282732,0.0,0.0,0.0,2.0,2.0
17.15458829229034,0.0,0.0,0.0,2.0,2.0
13.70432548048421,0.0,0.0,0.0,2.0,2.0
10.350306470193523,0.0,0.0,0.0,2.0,2.0
10.350306470193523,0.0,0.0,0.0,2.0,2.0
10.350306470193523,0.0,0.0,0.0,2.625,2.625
10.350306470193523,0.0,0.0,0.012,3.0,3.0
10.350306470193523,0.0,0.0,0.135,3.0,3.0
18.083643245346657,0.31084883619223536,52.624020143608476,0.3459375,3.0,3.0
23.78710709359453,0.0,54.71371936084342,0.48,3.0,3.0
33.100550209711145,0.0,60.27396186526386,0.5820625,3.0,3.0
34.86995172049217,0.0,64.75318044255701,0.6689375,3.625,3.625
33.60212735259158,0.0,66.06375878785497,0.738,4.0,4.0
35.84125200873044,0.0,66.12403787916223,0.7660625,4.0,4.0
24.492573044144226,0.0,66.02411436824461,0.7674375,4.0,4.0
21.913781835353017,0.0,66.35353395288084,0.763875,4.0,4.0
20.306366852841187,0.0,66.43696224344718,0.756,4.0,4.0
19.073022405937174,0.0,68.46945505601133,0.7415,4.0,4.0
19.619584609017547,0.0,72.13864107330879,0.7151875,4.0,4.0
15.020876061676637,0.0,65.82292874163036,0.6610625,4.0,4.0
13.108532861448413,0.03105329635708768,40.96689433452705,0.5150625,4.0,4.0
10.57356037059534,0.0,16.21202916746933,0.2075625,4.0,4.0
10.350306470193523,0.0,0.0,0.0143125,4.0,4.0
10.350306470193523,0.0,0.0,0.0,4.0,4.0
10.350306470193523,0.0,0.0,0.0,4.0,4.0
10.350306470193523,0.0,0.0,0.0,4.0,4.0
10.350306470193523,0.0,0.0,0.0,4.0,4.0
10.350306470193523,0.0,0.0,0.0,4.0,4.0
10.350306470193523,0.0,0.0,0.0,4.0,4.0
10.350306470193523,0.0,0.0,0.0,3.375,3.375
10.350306470193523,0.0,0.0,0.005125,3.0,3.0
10.350306470193523,0.0,0.0,0.03075,3.0,3.0
12.895931953796993,0.0,0.0,0.039875,3.0,3.0
12.937523311823167,0.0,0.0,0.14925,3.0,3.0
12.934726182241643,0.0,0.0,0.0649375,3.0,3.0
12.933047904492726,0.0,0.0,0.2685,3.625,3.625
12.933047904492726,0.0,0.0,0.2515,4.0,4.0
12.933047904492726,0.0,0.0,0.0195,4.0,4.0
12.933047904492726,0.0,0.0,0.0714375,4.0,4.0
12.933047904492726,0.0,0.0,0.28575,4.0,4.0
12.933047904492726,0.0,0.0,0.0238125,4.0,4.0
12.933047904492726,0.0,0.0,0.0785625,2.125,2.125
12.933047904492726,0.22092588414286754,33.661705377195574,0.31425,1.0,1.0
12.936404680179187,0.004640411888104427,16.67658004644191,0.0261875,1.0,1.0
10.496641792272145,0.0,0.0,0.0433125,1.0,1.0
10.34227486930397,0.016348634969062005,11.421555911137686,0.17325,1.0,1.0
10.35832173641365,0.0,0.0,0.0144375,1.0,1.0
10.350306470193523,0.0,0.0,0.0,2.25,2.25
10.350306470193523,0.0,0.0,0.0,3.0,3.0
10.350306470193523,0.0,0.0,0.0,3.0,3.0
10.350306470193523,0.0,0.0,0.0,3.0,3.0
13.442889942541491,0.0,0.0,0.0,3.0,3.0
13.442889942541491,0.0,0.0,0.0,3.0,3.0
13.442889942541491,0.0,0.0,0.0,3.625,3.625
13.442889942541491,0.0,0.0,0.004875,4.0,4.0
13.442889942541491,0.0,0.0,0.02925,4.0,4.0
17.87429192366161,0.38124271925440245,49.10070519339029,0.0375,4.0,4.0
35.299014782585246,3.2976376486570405,48.234925819526836,0.183,4.0,4.0
82.59777433696789,0.06226986454447251,69.74075423645084,0.232,4.0,4.0
74.21670290839647,0.0,71.40232415926215,0.278625,4.0,4.0
72.28260950180305,0.0,74.46110524618652,0.3449375,4.0,4.0
74.21670290839647,0.0,79.99011383278133,0.340375,4.0,4.0
75.21995504444162,0.0,80.25409417738139,0.41375,4.0,4.0
75.82844741389097,0.0,88.87625999998183,0.43775,4.0,4.0
72.28260950180305,0.0,90.09323422329797,0.4376875,4.0,4.0
72.28260950180305,0.0,93.49140557785641,0.3876875,5.25,5.25
75.18374961169317,0.0,96.8022154752561,0.4134375,6.0,6.0
53.5165764021006,0.0,81.61681661459326,0.4948125,6.0,6.0
27.870689189798494,0.0,65.7574295599669,0.394625,6.0,6.0
26.056702352831874,0.0,57.83310309870265,0.03025,6.0,6.0
23.905517168391235,0.0,55.062750056318556,0.0,6.0,6.0
22.634576603901273,0.0,53.268586428438525,0.0,4.75,4.75
18.98125106282732,0.0,0.0,0.0,4.0,4.0
17.15458829229034,0.0,0.0,0.0,4.0,4.0
13.70432548048421,0.0,0.0,0.0,4.0,4.0
13.442889942541491,0.0,0.0,0.0,4.0,4.0
13.442889942541491,0.0,0.0,0.0,4.0,4.0
13.442889942541491,0.0,0.0,0.0,3.375,3.375
13.442889942541491,0.0,0.0,0.00325,3.0,3.0
13.442889942541491,0.0,0.0,0.036375,3.0,3.0
17.79010244123337,0.4133818365489648,48.531741739132016,0.0925625,3.0,3.0
35.27303830525509,3.546613570645562,47.21700182832613,0.099375,3.0,3.0
82.70430814624599,0.08155916770297156,66.3279096922217,0.0408125,3.0,3.0
74.21670290839647,0.0,67.34169134554122,0.132,3.0,3.0
72.28260950180305,0.0,69.64691311402062,0.011,3.0,3.0
74.21670290839647,0.0,73.37484016954308,0.0,3.0,3.0
75.21995504444162,0.0,72.85675497317129,0.0448125,3.0,3.0
75.82844741389097,0.0,81.89544948863775,0.17925,3.0,3.0
72.28260950180305,0.0,82.14086978681668,0.0149375,3.0,3.0
72.28260950180305,0.0,82.23000449930004,0.0,3.0,3.0
75.18374961169317,0.0,84.4068180067452,0.0519375,3.0,3.0
53.5165764021006,0.0,74.49984193419597,0.268125,3.0,3.0
27.82880524106578,0.0,66.40223799268522,0.302875,3.0,3.0
25.520039696734052,0.0,63.878989839689474,0.196375,3.0,3.0
23.840591492674758,0.0,61.02836145343869,0.0146875,3.0,3.0
22.634576603901273,0.0,58.54359594045634,0.0,2.375,2.375
18.98125106282732,0.0,0.0,0.0,2.0,2.0
17.15458829229034,0.0,0.0,0.0,2.0,2.0
13.70432548048421,0.0,0.0,0.0,2.0,2.0
13.442889942541491,0.0,0.0,0.0,2.0,2.0
13.442889942541491,0.0,0.0,0.0,2.0,2.0
13.442889942541491,0.0,0.0,0.0,2.0,2.0
13.442889942541491,0.0,0.0,0.007125,2.0,2.0
13.442889942541491,0.0,0.0,0.0795,2.0,2.0
17.82386242227898,0.2426284796699446,53.05903356174589,0.1505625,2.0,2.0
35.27162746453832,0.4735242831339863,52.11760207469883,0.01225,2.0,2.0
82.59777433696789,0.0,69.86238563187412,0.072,2.0,2.0
74.21670290839647,0.0,72.64673581286864,0.381,1.375,1.375
72.28260950180305,0.0,77.35391388448541,0.49725,1.0,1.0
74.21670290839647,0.0,84.7795913710402,0.5291875,1.0,1.0
75.21995504444162,0.0,85.76755228563125,0.5199375,1.0,1.0
75.82844741389097,0.0,96.69354893101404,0.6021875,1.0,1.0
72.28260950180305,0.0,99.63340529106456,0.611375,1.0,1.0
72.28260950180305,0.0,104.7692045532049,0.5795,2.875,2.875
75.18374961169317,0.0,110.16573421149538,0.64425,4.0,4.0
53.5165764021006,0.0,94.74458745952815,0.601625,4.0,4.0
27.99741409348593,0.0,80.68377320662236,0.514125,4.0,4.0
26.003740634922444,0.0,72.11773293770608,0.21375,4.0,4.0
23.869651073138172,0.0,65.91726666955275,0.0148125,4.0,4.0
22.634576603901273,0.0,63.05337669671751,0.0,3.375,3.375
18.98125106282732,0.0,0.0,0.0,3.0,3.0
17.15458829229034,0.0,0.0,0.0,3.0,3.0
13.70432548048421,0.0,0.0,0.0,3.0,3.0
13.442889942541491,0.0,0.0,0.0,3.0,3.0
13.442889942541491,0.0,0.0,0.0,3.0,3.0
13.442889942541491,0.0,0.0,0.0,2.375,2.375
13.442889942541491,0.0,0.0,0.0035,2.0,2.0
13.442889942541491,0.0,0.0,0.021,2.0,2.0
17.883789491078815,0.14251798295233736,57.4627759312612,0.0270625,2.0,2.0
35.26296863876159,0.0,56.61221907381065,0.132,2.0,2.0
82.59777433696789,0.0,74.30711877768091,0.1314375,2.0,2.0
74.22677257488996,0.0,75.95357606626514,0.0498125,2.0,2.0
72.28260950180305,0.0,79.37191548334206,0.201375,2.0,2.0
74.21670290839647,0.0,86.24244688539143,0.231625,2.0,2.0
75.21995504444162,0.0,86.23448637072427,0.198125,2.0,2.0
75.82844741389097,0.0,91.69475996536106,0.0153125,2.0,2.0
72.28260950180305,0.0,90.24976031817619,0.0511875,2.0,2.0
72.28260950180305,0.0,95.21935798678527,0.2574375,2.625,2.625
75.18374961169317,0.0,99.6242001048653,0.2278125,3.0,3.0
53.593439388791985,0.0,78.85796027078436,0.0175625,3.0,3.0
28.11202583143518,0.0,66.86815432499436,0.0,3.0,3.0
26.43925053085376,0.0,65.3007765640116,0.0,3.0,3.0
23.92397220829688,0.0,63.888846253932115,0.0,3.0,3.0
22.634576603901273,0.0,62.58678318071576,0.0,2.375,2.375
18.98125106282732,0.0,0.0,0.0,2.0,2.0
17.15458829229034,0.0,0.0,0.0,2.0,2.0
13.70432548048421,0.0,0.0,0.0,2.0,2.0
13.442889942541491,0.0,0.0,0.0,2.0,2.0
13.442889942541491,0.0,0.0,0.0,2.0,2.0
13.442889942541491,0.0,0.0,0.0,2.625,2.625
13.442889942541491,0.0,0.0,0.004125,3.0,3.0
13.442889942541491,0.0,0.0,0.0465,3.0,3.0
17.80798878696291,0.1613246633303836,55.679969615503396,0.0890625,3.0,3.0
35.413184360064086,0.3072088842953532,53.23075308320399,0.00725,3.0,3.0
82.63805300294186,0.0,70.56663423849177,0.0,3.0,3.0
74.21670290839647,0.0,71.08145968785803,0.0,3.0,3.0
72.28260950180305,0.0,72.5931961687216,0.0,3.0,3.0
74.21670290839647,0.0,76.60223398968523,0.055125,3.0,3.0
75.21995504444162,0.0,78.08472776767432,0.27825,3.0,3.0
75.82844741389097,0.0,89.54468565735506,0.3091875,3.0,3.0
72.28260950180305,0.0,91.97423646151576,0.2585,3.0,3.0
72.28260950180305,0.0,88.4638636698206,0.0199375,3.625,3.625
75.18374961169317,0.0,89.59996438815314,0.0665625,4.0,4.0
53.5165764021006,0.0,78.84417359098722,0.26625,4.0,4.0
28.019303371548975,0.0,66.98735292942096,0.0221875,4.0,4.0
26.406526076717423,0.0,65.15489414287735,0.0,4.0,4.0
23.905517168391235,0.0,63.31400972722733,0.0,4.0,4.0
22.634576603901273,0.0,59.75074584060673,0.0,2.75,2.75
18.98125106282732,0.0,0.0,0.0,2.0,2.0
17.15458829229034,0.0,0.0,0.0,2.0,2.0
13.70432548048421,0.0,0.0,0.0,2.0,2.0
10.350306470193523,0.0,0.0,0.0,2.0,2.0
10.350306470193523,0.0,0.0,0.0,2.0,2.0
10.350306470193523,0.0,0.0,0.0,2.625,2.625
10.350306470193523,0.0,0.0,0.00375,3.0,3.0
10.350306470193523,0.0,0.0,0.042,3.0,3.0
17.787766323630972,0.16992451264271335,54.437082033263444,0.079875,3.0,3.0
23.452175128290637,0.0,53.463928871936155,0.0065,3.0,3.0
32.371932687916235,0.0,54.20534986548111,0.03825,3.0,3.0
34.55185640433484,0.0,56.07033962625859,0.153,3.0,3.0
33.58480970103814,0.0,57.00577974208783,0.01275,3.0,3.0
35.84125200873044,0.0,57.972224985583665,0.0495,3.0,3.0
24.492573044144226,0.0,59.41849525238223,0.198,3.0,3.0
21.913781835353017,0.0,60.043770000652025,0.0165,3.0,3.0
20.302037329858514,0.0,60.16626773288318,0.0,3.0,3.0
19.012641725462906,0.0,60.628435006250456,0.0,3.0,3.0
19.33666901440504,0.0,60.53078048363032,0.0,3.0,3.0
14.882691979590538,0.0,59.58194868594098,0.0,3.0,3.0
12.96503284312037,0.0,0.0,0.0451875,3.0,3.0
10.494324239468515,0.0,0.0,0.18075,3.0,3.0
10.370983260372903,0.0,0.0,0.0150625,3.0,3.0
10.350306470193523,0.0,0.0,0.0,1.125,1.125
10.350306470193523,0.0,0.0,0.0,0.0,0.0
10.350306470193523,0.0,0.0,0.0,0.0,0.0
10.350306470193523,0.0,0.0,0.0,0.0,0.0
10.350306470193523,0.0,0.0,0.0,0.0,0.0
10.350306470193523,0.0,0.0,0.0,0.0,0.0
10.350306470193523,0.0,0.0,0.0,0.0,0.0
10.350306470193523,0.0,0.0,0.0095,0.0,0.0
10.350306470193523,0.0,0.0,0.107625,0.0,0.0
12.957662557421473,0.0,0.0,0.27775,0.0,0.0
13.027623257037925,0.0,0.0,0.38475,0.0,0.0
12.958514162875167,0.3613981631202295,23.903777535686658,0.466,0.0,0.0
12.933607330409032,0.050204919819035965,22.591646889765485,0.5350625,1.25,1.25
12.933047904492726,0.11041656643921338,20.82509654609519,0.5949375,2.0,2.0
12.933047904492726,0.0,0.0,0.645625,2.0,2.0
12.933047904492726,0.0,0.0,0.6865625,2.0,2.0
12.933047904492726,0.2563603098688967,20.08374896091819,0.718625,2.0,2.0
12.933047904492726,0.48452166985467243,30.18481179536834,0.7401875,2.0,2.0
12.933047904492726,0.06608445120752295,42.109056503323615,0.740625,3.25,3.25
12.933047904492726,0.27051499102490145,47.721180152940725,0.716125,4.0,4.0
12.94636653350791,0.15134593886418635,54.03928719194435,0.662625,4.0,4.0
10.508775592085076,0.13687927596824193,41.61064564122165,0.5205625,4.0,4.0
10.349705321537803,0.10840544679384402,45.39885492476573,0.2175625,4.0,4.0
10.350306470193523,0.0,22.133924971887335,0.015125,4.0,4.0
10.350306470193523,0.0,0.0,0.0,3.375,3.375
10.350306470193523,0.0,0.0,0.0,3.0,3.0
10.350306470193523,0.0,0.0,0.0,3.0,3.0
10.350306470193523,0.0,0.0,0.0,3.0,3.0
13.442889942541491,0.0,0.0,0.0,3.0,3.0
13.442889942541491,0.0,0.0,0.0,3.0,3.0
13.442889942541491,0.0,0.0,0.0,3.0,3.0
13.442889942541491,0.0,0.0,0.00475,3.0,3.0
13.442889942541491,0.0,0.0,0.078,3.0,3.0
17.940109260365855,0.2004305753062483,57.56865417094036,0.2695625,3.0,3.0
35.612147838398535,0.0,58.96619574049836,0.3774375,3.0,3.0
82.779609678279,0.0,77.95529432348324,0.4569375,3.0,3.0
74.21670290839647,0.0,82.97242594368541,0.52475,3.0,3.0
72.28260950180305,0.0,86.2010646899397,0.5260625,3.0,3.0
74.21670290839647,0.0,89.17175911896939,0.40525,3.0,3.0
75.21995504444162,0.0,93.4920355512222,0.6536875,3.0,3.0
75.82844741389097,0.0,105.24616991533611,0.7044375,3.0,3.0
72.28260950180305,0.0,110.69707833834751,0.7280625,3.0,3.0
72.28260950180305,0.0,115.80541663444154,0.7396875,3.625,3.625
75.18374961169317,0.0,120.40682128779838,0.716125,4.0,4.0
53.58549262749115,0.0,105.49821991072426,0.644625,4.0,4.0
28.214816435905355,0.0,84.10331445911909,0.44875,4.0,4.0
26.458774889811956,0.0,75.75701207220304,0.2123125,4.0,4.0
23.905517168391235,0.0,67.82853207365633,0.0151875,4.0,4.0
22.634576603901273,0.0,65.89450052000237,0.0,4.0,4.0
18.98125106282732,0.0,0.0,0.0,4.0,4.0
17.15458829229034,0.0,0.0,0.0,4.0,4.0
13.70432548048421,0.0,0.0,0.0,4.0,4.0
13.442889942541491,0.0,0.0,0.0,4.0,4.0
13.442889942541491,0.0,0.0,0.0,4.0,4.0
13.442889942541491,0.0,0.0,0.0,4.0,4.0
13.442889942541491,0.0,0.0,0.004,4.0,4.0
13.442889942541491,0.0,0.0,0.046125,4.0,4.0
17.822518577194618,0.1556771703979659,56.90871857471445,0.0905,4.0,4.0
35.39250993282418,0.45269352586639855,54.51904318809169,0.007375,4.0,4.0
82.63805300294186,0.0,77.32393628581362,0.0,4.0,4.0
74.21670290839647,0.0,78.60136186536592,0.048375,3.375,3.375
72.28260950180305,0.0,83.21001763572771,0.1935,3.0,3.0
74.21670290839647,0.0,88.67306903367064,0.072375,3.0,3.0
75.21995504444162,0.0,90.07522615465761,0.225,3.0,3.0
75.82844741389097,0.0,96.11293864100281,0.01875,3.0,3.0
72.28260950180305,0.0,94.5545338559399,0.0624375,3.0,3.0
72.28260950180305,0.0,101.05448593203486,0.313875,3.625,3.625
75.18374961169317,0.0,106.78713450284081,0.3448125,4.0,4.0
53.5165764021006,0.0,91.07118444221959,0.3691875,4.0,4.0
27.84471205190244,0.0,76.4458932843978,0.33375,4.0,4.0
26.24822850474121,0.0,67.77886687165834,0.0259375,4.0,4.0
23.905517168391235,0.0,65.61693008537588,0.0,4.0,4.0
22.634576603901273,0.0,64.15813081637306,0.0,2.125,2.125
18.98125106282732,0.0,0.0,0.0,1.0,1.0
17.15458829229034,0.0,0.0,0.0,1.0,1.0
13.70432548048421,0.0,0.0,0.0,1.0,1.0
13.442889942541491,0.0,0.0,0.0,1.0,1.0
13.442889942541491,0.0,0.0,0.0,1.0,1.0
13.442889942541491,0.0,0.0,0.0,0.375,0.375
13.442889942541491,0.0,0.0,0.005875,0.0,0.0
13.442889942541491,0.0,0.0,0.075375,0.0,0.0
17.86443392825743,0.1524850455425013,62.71582244200927,0.2088125,0.0,0.0
35.27887544959826,0.0,64.34646992486614,0.2501875,0.0,0.0
82.59777433696789,0.0,85.63302113412458,0.315125,0.0,0.0
74.21670290839647,0.0,90.30062713012066,0.4046875,1.25,1.25
72.28260950180305,0.0,95.07285614895113,0.4066875,2.0,2.0
74.21670290839647,0.0,101.82877444738226,0.507125,2.0,2.0
75.21995504444162,0.0,102.71193134290537,0.5448125,2.0,2.0
75.82844741389097,0.0,111.28219562674813,0.5493125,2.0,2.0
72.28260950180305,0.0,113.42259882925113,0.39325,2.0,2.0
72.28260950180305,0.0,111.38775876133597,0.1239375,1.375,1.375
75.18374961169317,0.0,116.8307167660324,0.3765,1.0,1.0
53.5165764021006,0.0,95.3401383094838,0.13975,1.0,1.0
27.86008464924072,0.0,84.49364514513593,0.47925,1.0,1.0
26.062704418920145,0.0,77.80271773720708,0.219125,1.0,1.0
23.869651073138172,0.0,68.83572936156355,0.01525,1.0,1.0
22.634576603901273,0.0,66.50962719003896,0.0,2.25,2.25
18.98125106282732,0.0,0.0,0.0,3.0,3.0
17.15458829229034,0.0,0.0,0.0,3.0,3.0
13.70432548048421,0.0,0.0,0.0,3.0,3.0
13.442889942541491,0.0,0.0,0.0,3.0,3.0
13.442889942541491,0.0,0.0,0.0,3.0,3.0
13.442889942541491,0.0,0.0,0.0,2.375,2.375
13.442889942541491,0.0,0.0,0.010875,2.0,2.0
13.442889942541491,0.0,0.0,0.1273125,2.0,2.0
18.073925583927522,0.11837129952718506,67.00471095369754,0.3405,2.0,2.0
36.468463887180306,0.0,69.44030304628409,0.473875,2.0,2.0
84.6056968717724,0.0,97.2042998761278,0.57475,2.0,2.0
74.7183863502902,0.0,100.60372811041715,0.6596875,3.875,3.875
72.28260950180305,0.0,105.60975699541471,0.729,5.0,5.0
74.21670290839647,0.0,111.18309518619483,0.7644375,5.0,5.0
75.21995504444162,0.0,111.9658579896862,0.7664375,5.0,5.0
75.82844741389097,0.0,118.95563472610414,0.7630625,5.0,5.0
72.28260950180305,0.0,121.87226187564096,0.7559375,5.0,5.0
72.38651805338728,0.0,124.88557843410959,0.7416875,4.375,4.375
76.22158665690614,0.0,129.08911814338578,0.716125,4.0,4.0
54.88836310017673,0.0,114.1170135262712,0.6628125,4.0,4.0
28.747742314241147,0.0,89.54091793300071,0.5216875,4.0,4.0
26.972563979462144,0.0,79.44020456167158,0.219125,4.0,4.0
23.92397220829688,0.0,69.88760497664066,0.01525,4.0,4.0
22.634576603901273,0.0,67.50804386816603,0.0,2.75,2.75
18.98125106282732,0.0,0.0,0.0,2.0,2.0
17.15458829229034,0.0,0.0,0.0,2.0,2.0
13.70432548048421,0.0,0.0,0.0,2.0,2.0
13.442889942541491,0.0,0.0,0.0,2.0,2.0
13.442889942541491,0.0,0.0,0.0,2.0,2.0
13.442889942541491,0.0,0.0,0.0,2.0,2.0
13.442889942541491,0.0,0.0,0.009,2.0,2.0
13.442889942541491,0.0,0.0,0.1066875,2.0,2.0
17.988995891196673,0.11505416008288992,68.4547974747354,0.289125,2.0,2.0
35.88232173514863,0.0,70.21025538969832,0.4030625,2.0,2.0
83.13156998022026,0.0,100.88995359450941,0.4885,2.0,2.0
74.24267938572663,0.0,103.27781880522558,0.561375,3.25,3.25
72.28260950180305,0.0,109.32054852065744,0.624125,4.0,4.0
74.21670290839647,0.0,116.47280615459124,0.676875,4.0,4.0
75.21995504444162,0.0,119.01601951807162,0.719625,4.0,4.0
75.82844741389097,0.0,127.73916544514735,0.749375,4.0,4.0
72.28260950180305,0.0,131.85993842769136,0.7550625,4.0,4.0
72.28260950180305,0.0,134.31085616007329,0.7416875,4.0,4.0
75.19381993875255,0.0,134.98306945213935,0.716125,4.0,4.0
53.75127815656932,0.0,115.37905285016632,0.6628125,4.0,4.0
28.420579875891715,0.0,89.83162890451163,0.5215,4.0,4.0
26.756781867373785,0.0,79.28721115085867,0.218375,4.0,4.0
23.92397220829688,0.0,69.2528011386079,0.0151875,4.0,4.0
22.634576603901273,0.0,67.14750274757012,0.0,2.75,2.75
18.98125106282732,0.0,0.0,0.0,2.0,2.0
17.15458829229034,0.0,0.0,0.0,2.0,2.0
13.70432548048421,0.0,0.0,0.0,2.0,2.0
10.350306470193523,0.0,0.0,0.0,2.0,2.0
10.350306470193523,0.0,0.0,0.0,2.0,2.0
10.350306470193523,0.0,0.0,0.0,2.0,2.0
10.350306470193523,0.0,0.0,0.00975,2.0,2.0
10.350306470193523,0.0,0.0,0.1175625,2.0,2.0
18.035545079717302,0.24949685433154084,55.052869308503176,0.3238125,2.0,2.0
23.68969646578663,0.0,59.12128566981634,0.4513125,2.0,2.0
32.83093212535198,0.0,66.48863895355427,0.5475,2.0,2.0
34.62505226022253,0.0,70.95524285927448,0.6293125,2.625,2.625
33.58480970103814,0.0,71.5914872699849,0.69975,3.0,3.0
35.84125200873044,0.0,73.30497448297267,0.751875,3.0,3.0
24.492573044144226,0.0,74.83620289197695,0.7655625,3.0,3.0
21.913781835353017,0.0,75.925397445062,0.7630625,3.0,3.0
20.302037329858514,0.0,75.25053725910712,0.7559375,3.0,3.0
19.012641725462906,0.0,77.09841702042917,0.7416875,1.75,1.75
19.38820218930458,0.0,79.14206203707667,0.716125,1.0,1.0
14.94801141451535,0.0,69.42831293504626,0.6628125,1.0,1.0
13.077512372407664,0.022550194589307983,46.38466591030838,0.5213125,1.0,1.0
10.566263779000094,0.0,39.4081183429547,0.217625,1.0,1.0
10.350306470193523,0.0,0.0,0.015125,1.0,1.0
10.350306470193523,0.0,0.0,0.0,2.25,2.25
10.350306470193523,0.0,0.0,0.0,3.0,3.0
10.350306470193523,0.0,0.0,0.0,3.0,3.0
10.350306470193523,0.0,0.0,0.0,3.0,3.0
10.350306470193523,0.0,0.0,0.0,3.0,3.0
10.350306470193523,0.0,0.0,0.0,3.0,3.0
10.350306470193523,0.0,0.0,0.0,3.0,3.0
10.350306470193523,0.0,0.0,0.001375,3.0,3.0
10.350306470193523,0.0,0.0,0.00825,3.0,3.0
12.963575274797552,0.0,0.0,0.0130625,3.0,3.0
12.97030004071556,0.0,0.0,0.0495,3.0,3.0
12.95292754550823,0.0,0.0,0.0215625,3.0,3.0
12.934726182241643,0.0,0.0,0.08925,3.0,3.0
12.933047904492726,0.0,0.0,0.105,3.0,3.0
12.933047904492726,0.0,0.0,0.11375,3.0,3.0
12.933047904492726,0.0,0.0,0.1206875,3.0,3.0
12.933047904492726,0.0,0.0,0.102,3.0,3.0
12.933047904492726,0.0,0.0,0.0328125,3.0,3.0
12.933047904492726,0.09660447572155886,19.238479530720003,0.12525,3.0,3.0
12.933047904492726,0.0,0.0,0.137125,3.0,3.0
12.935285754950367,0.0484772298351429,23.657105613302043,0.1465,3.0,3.0
10.491092358730038,0.05277385817118148,18.60662472271505,0.177125,3.0,3.0
10.342653293664515,0.04549003773860971,15.805734239151972,0.191,3.0,3.0
10.363672105202898,0.0,5.333516926034505,0.0150625,3.0,3.0
10.350306470193523,0.0,0.0,0.0,2.375,2.375
10.350306470193523,0.0,0.0,0.0,2.0,2.0
10.350306470193523,0.0,0.0,0.0,2.0,2.0
10.350306470193523,0.0,0.0,0.0,2.0,2.0
13.442889942541491,0.0,0.0,0.0,2.0,2.0
13.442889942541491,0.0,0.0,0.0,2.0,2.0
13.442889942541491,0.0,0.0,0.0,2.0,2.0
13.442889942541491,0.0,0.0,0.004125,2.0,2.0
13.442889942541491,0.0,0.0,0.02475,2.0,2.0
17.84872048815379,0.15120011625496288,58.745687902874295,0.0391875,2.0,2.0
35.28894511609175,0.01813238091194023,57.013350272972,0.1485,2.0,2.0
82.62798333644837,0.0,82.63104662414887,0.0646875,2.0,2.0
74.21670290839647,0.0,84.44651213012828,0.3054375,2.0,2.0
72.28260950180305,0.0,92.29652359636854,0.4655625,2.0,2.0
74.21670290839647,0.0,96.93053739047849,0.3530625,2.0,2.0
75.21995504444162,0.0,95.38683256500778,0.40775,2.0,2.0
75.82844741389097,0.0,108.81245260250128,0.562125,2.0,2.0
72.28260950180305,0.0,108.6004861519442,0.331375,2.0,2.0
72.28260950180305,0.0,104.08572539614184,0.024375,2.0,2.0
75.18374961169317,0.0,103.82397102379355,0.0,2.0,2.0
53.5165764021006,0.0,85.3077143221682,0.092625,2.0,2.0
27.854782378961833,0.0,74.77166048317567,0.3705,2.0,2.0
26.042171957278732,0.0,68.12790335205271,0.030875,2.0,2.0
23.876364184133838,0.0,65.71708734227397,0.0,2.0,2.0
22.634576603901273,0.0,63.45990238963664,0.0,2.625,2.625
18.98125106282732,0.0,0.0,0.0,3.0,3.0
17.15458829229034,0.0,0.0,0.0,3.0,3.0
13.70432548048421,0.0,0.0,0.0,3.0,3.0
10.350306470193523,0.0,0.0,0.0,3.0,3.0
10.350306470193523,0.0,0.0,0.0,3.0,3.0
10.350306470193523,0.0,0.0,0.0,1.75,1.75
10.350306470193523,0.0,0.0,0.0015,1.0,1.0
10.350306470193523,0.0,0.0,0.009,1.0,1.0
12.995688713876836,0.0,0.0,0.00075,1.0,1.0
12.981515549551988,0.0,0.0,0.0181875,1.0,1.0
12.936963885906865,0.0,0.0,0.09375,1.0,1.0
12.933047904492726,0.0,0.0,0.1135,2.25,2.25
12.933047904492726,0.0,0.0,0.12625,3.0,3.0
12.933047904492726,0.0,0.0,0.137,3.0,3.0
12.933047904492726,0.0,0.0,0.14575,3.0,3.0
12.933047904492726,0.0,0.0,0.1230625,3.0,3.0
12.933047904492726,0.0,0.0,0.0396875,3.0,3.0
12.933047904492726,0.0,12.929649655443727,0.12075,3.625,3.625
12.936964142793599,0.0,0.0,0.0425,4.0,4.0
12.933047904492726,0.08510892379452593,21.11853141779503,0.166875,4.0,4.0
10.490445982582344,0.13995220515621273,22.095612300308215,0.2039375,4.0,4.0
10.34071416522143,0.024681219902983324,26.034161332378858,0.190875,4.0,4.0
10.363672105202898,0.0,0.0,0.014875,4.0,4.0
10.350306470193523,0.0,0.0,0.0,4.625,4.625
10.350306470193523,0.0,0.0,0.0,5.0,5.0
10.350306470193523,0.0,0.0,0.0,5.0,5.0
10.350306470193523,0.0,0.0,0.0,5.0,5.0
13.442889942541491,0.0,0.0,0.0,5.0,5.0
13.442889942541491,0.0,0.0,0.0,5.0,5.0
13.442889942541491,0.0,0.0,0.0,4.375,4.375
13.442889942541491,0.0,0.0,0.00125,4.0,4.0
13.442889942541491,0.0,0.0,0.016125,4.0,4.0
17.865115675371708,0.13776290750240452,63.459154514331246,0.0473125,4.0,4.0
35.37193718610836,0.0,62.37465527938021,0.0664375,4.0,4.0
82.7186103348898,0.0,85.99291819889767,0.0633125,4.0,4.0
74.28719057385092,0.0,85.15763722050094,0.0240625,3.375,3.375
72.28260950180305,0.0,87.61157940966935,0.0973125,3.0,3.0
74.21670290839647,0.0,93.37374337694959,0.11175,3.0,3.0
75.21995504444162,0.0,92.70771104907033,0.1186875,3.0,3.0
75.82844741389097,0.0,100.36882217770108,0.100375,3.0,3.0
72.28260950180305,0.0,96.80570040096916,0.0323125,3.0,3.0
72.28260950180305,0.0,98.03789180118713,0.123375,2.375,2.375
75.21396059287135,0.0,100.04052822991977,0.1086875,2.0,2.0
53.781941306262084,0.0,81.30149492242181,0.008375,2.0,2.0
28.198673991255646,0.0,64.73970200911654,0.04425,2.0,2.0
25.818891352611217,0.0,62.40592004274283,0.177,2.0,2.0
23.869651073138172,0.0,60.304644811703035,0.01475,2.0,2.0
22.634576603901273,0.0,59.096423215833155,0.0,2.0,2.0
18.98125106282732,0.0,0.0,0.0,2.0,2.0
17.15458829229034,0.0,0.0,0.0,2.0,2.0
13.70432548048421,0.0,0.0,0.0,2.0,2.0
13.442889942541491,0.0,0.0,0.0,2.0,2.0
13.442889942541491,0.0,0.0,0.0,2.0,2.0
13.442889942541491,0.0,0.0,0.0,2.0,2.0
13.442889942541491,0.0,0.0,0.007625,2.0,2.0
13.442889942541491,0.0,0.0,0.103125,2.0,2.0
18.015686178537102,0.181918960268602,56.15708319562662,0.3145,2.0,2.0
36.198898627485924,0.17756813509520983,55.57632705984714,0.44325,2.0,2.0
83.78506686967309,0.0,82.4476891845138,0.5393125,2.0,2.0
74.35081781719758,0.0,85.40994179931333,0.6201875,3.25,3.25
72.28260950180305,0.0,88.0066007839585,0.6898125,4.0,4.0
74.21670290839647,0.0,94.57859909402619,0.74375,4.0,4.0
75.21995504444162,0.0,94.15268841306421,0.7649375,4.0,4.0
75.82844741389097,0.0,105.16405406121066,0.762875,4.0,4.0
72.28260950180305,0.0,108.1368717078567,0.7551875,4.0,4.0
72.28260950180305,0.0,113.29753185492764,0.7414375,4.0,4.0
75.36558957696553,0.0,117.09229363538176,0.715375,4.0,4.0
54.14425959214749,0.0,101.00036237360408,0.662375,4.0,4.0
28.58816559720162,0.0,81.3683922750086,0.5185,4.0,4.0
26.953266793015832,0.0,72.47556021608958,0.21225,4.0,4.0
23.92397220829688,0.0,67.02039805089225,0.0146875,4.0,4.0
22.634576603901273,0.0,65.39251711583364,0.0,2.125,2.125
18.98125106282732,0.0,0.0,0.0,1.0,1.0
17.15458829229034,0.0,0.0,0.0,1.0,1.0
13.70432548048421,0.0,0.0,0.0,1.0,1.0
13.442889942541491,0.0,0.0,0.0,1.0,1.0
13.442889942541491,0.0,0.0,0.0,1.0,1.0
13.442889942541491,0.0,0.0,0.0,2.25,2.25
13.442889942541491,0.0,0.0,0.0065,3.0,3.0
13.442889942541491,0.0,0.0,0.091875,3.0,3.0
17.99207173118095,0.12115291247603575,64.09220811091147,0.2899375,3.0,3.0
35.91147471940603,0.0,66.11954155419897,0.4104375,3.0,3.0
83.13156998022026,0.0,92.626735889459,0.499625,3.0,3.0
74.24267938572663,0.0,96.00776344053311,0.5744375,5.5,5.5
72.28260950180305,0.0,100.69490158969967,0.6384375,7.0,7.0
74.21670290839647,0.0,107.20713004426277,0.6929375,7.0,7.0
75.21995504444162,0.0,108.12337001808986,0.736,7.0,7.0
75.82844741389097,0.0,117.24101325912679,0.76075,7.0,7.0
72.28260950180305,0.0,120.58321872498007,0.7551875,7.0,7.0
72.28260950180305,0.0,124.18967661073134,0.7414375,8.25,8.25
75.19381993875255,0.0,127.87576582819744,0.715375,9.0,9.0
53.79324654438011,0.0,109.91962380909692,0.6621875,9.0,9.0
28.47094194126467,0.0,86.58381803548274,0.5171875,9.0,9.0
26.8198085302062,0.0,76.98448876957217,0.2099375,9.0,9.0
23.92397220829688,0.0,68.50407660322114,0.0145,9.0,9.0
22.634576603901273,0.0,66.9316623784649,0.0,6.5,6.5
18.98125106282732,0.0,0.0,0.0,5.0,5.0
17.15458829229034,0.0,0.0,0.0,5.0,5.0
13.70432548048421,0.0,0.0,0.0,5.0,5.0
10.350306470193523,0.0,0.0,0.0,5.0,5.0
10.350306470193523,0.0,0.0,0.0,5.0,5.0
10.350306470193523,0.0,0.0,0.0,5.625,5.625
10.350306470193523,0.0,0.0,0.007875,6.0,6.0
10.350306470193523,0.0,0.0,0.115875,6.0,6.0
18.336058690846233,0.08145171349618589,68.51977971072529,0.3763125,6.0,6.0
24.138833480409737,0.0,71.35772292337101,0.534375,6.0,6.0
34.632768140798184,0.0,75.1433518906611,0.6511875,6.0,6.0
36.889210448490495,0.0,76.92641396552473,0.7373125,6.625,6.625
35.922163745193785,0.0,77.21720970288753,0.76225,7.0,7.0
38.178606052886096,0.0,79.00656041551582,0.76675,7.0,7.0
25.66125006622205,0.0,77.1445039847964,0.7664375,7.0,7.0
23.08245885743084,0.0,77.76944488153796,0.762875,7.0,7.0
21.470714351936333,0.0,78.18904962116493,0.7551875,7.0,7.0
20.18131874754073,0.0,80.43564756037027,0.7414375,7.0,7.0
20.503667648639635,0.0,81.63232537610774,0.7151875,7.0,7.0
15.256700318445407,0.0,70.59135268287682,0.66125,7.0,7.0
13.322606911852002,0.03398186392851333,49.25009222830709,0.516,7.0,7.0
10.611742008136241,0.0,52.58689071997672,0.208375,7.0,7.0
10.350306470193523,0.0,0.0,0.014375,7.0,7.0
10.350306470193523,0.0,0.0,0.0,4.5,4.5
10.350306470193523,0.0,0.0,0.0,3.0,3.0
10.350306470193523,0.0,0.0,0.0,3.0,3.0
10.350306470193523,0.0,0.0,0.0,3.0,3.0
10.350306470193523,0.0,0.0,0.0,3.0,3.0
10.350306470193523,0.0,0.0,0.0,3.0,3.0
10.350306470193523,0.0,0.0,0.0,2.375,2.375
10.350306470193523,0.0,0.0,0.0065,2.0,2.0
10.350306470193523,0.0,0.0,0.1014375,2.0,2.0
13.003013679045804,0.33505993769424736,5.460345847845411,0.34225,2.0,2.0
13.138998612475925,0.12862484089154677,45.69076358067196,0.4873125,2.0,2.0
13.045158582342614,0.0,40.08104358722102,0.5945,2.0,2.0
12.964886542167076,0.0,51.87979264309307,0.684875,2.625,2.625
12.933047904492726,0.0,47.148198677248075,0.7515625,3.0,3.0
12.933047904492726,0.0,35.353133385415966,0.7661875,3.0,3.0
12.933047904492726,0.041860477785643065,36.11373715112101,0.7664375,3.0,3.0
12.933047904492726,0.01527912226661677,45.39439964826403,0.762875,3.0,3.0
12.933047904492726,0.04554152686150701,39.66177795635454,0.7551875,3.0,3.0
12.94026377613052,0.0,50.73528391924595,0.7414375,3.625,3.625
12.996226340753724,0.14195435725901284,51.67775157557844,0.7151875,4.0,4.0
13.074415730318826,0.1518270453153431,51.13359504734243,0.6610625,4.0,4.0
10.5358419165728,0.09675770026898144,50.76292882962614,0.5146875,4.0,4.0
10.361217008840663,0.03115355867961049,48.63190074518487,0.2060625,4.0,4.0
10.350306470193523,0.0,17.78918171900828,0.0141875,4.0,4.0
10.350306470193523,0.0,0.0,0.0,1.5,1.5
10.350306470193523,0.0,0.0,0.0,0.0,0.0
10.350306470193523,0.0,0.0,0.0,0.0,0.0
10.350306470193523,0.0,0.0,0.0,0.0,0.0
13.442889942541491,0.0,0.0,0.0,0.0,0.0
13.442889942541491,0.0,0.0,0.0,0.0,0.0
13.442889942541491,0.0,0.0,0.0,1.25,1.25
13.442889942541491,0.0,0.0,0.005875,2.0,2.0
13.442889942541491,0.0,0.0,0.0984375,2.0,2.0
18.083643245346657,0.09616706817952536,69.358620667826,0.3464375,2.0,2.0
36.51493452299115,0.0,74.10855834421338,0.4954375,2.0,2.0
84.83826477062931,0.0,106.87773256917922,0.6045625,2.0,2.0
74.97635193540997,0.0,110.03375417525997,0.6954375,4.5,4.5
72.30858597913321,0.0,115.39157387169443,0.759,6.0,6.0
74.21670290839647,0.0,119.57124096577218,0.76675,6.0,6.0
75.21995504444162,0.0,119.41891835147135,0.7664375,6.0,6.0
75.82844741389097,0.0,126.9104810971827,0.762875,6.0,6.0
72.28260950180305,0.0,129.07553193553153,0.7551875,6.0,6.0
72.51811098079425,0.0,131.4206682969348,0.7414375,7.25,7.25
76.58306174325438,0.0,134.8890427566161,0.7151875,8.0,8.0
54.99651720172024,0.0,119.16594295729168,0.660875,8.0,8.0
28.87023337464647,0.0,91.9980306934615,0.513375,8.0,8.0
27.08378024241887,0.0,81.26843398781057,0.20375,8.0,8.0
23.92397220829688,0.0,71.03408954846678,0.014,8.0,8.0
22.634576603901273,0.0,68.4713530341321,0.0,6.75,6.75
18.98125106282732,0.0,0.0,0.0,6.0,6.0
17.15458829229034,0.0,0.0,0.0,6.0,6.0
13.70432548048421,0.0,0.0,0.0,6.0,6.0
13.442889942541491,0.0,0.0,0.0,6.0,6.0
13.442889942541491,0.0,0.0,0.0,6.0,6.0
13.442889942541491,0.0,0.0,0.0,4.75,4.75
13.442889942541491,0.0,0.0,0.002,4.0,4.0
13.442889942541491,0.11447606199773917,14.089970772205708,0.059625,4.0,4.0
17.976802218567364,0.04189140755635266,70.81998908365703,0.2599375,4.0,4.0
35.66050460530826,0.0,73.14872882330556,0.3738125,4.0,4.0
82.87344592110614,0.0,107.61604473830906,0.4570625,4.0,4.0
74.21670290839647,0.0,111.08709932186127,0.527,7.125,7.125
72.28260950180305,0.0,115.71413541805805,0.58675,9.0,9.0
74.21670290839647,0.0,120.6505898996034,0.6365,9.0,9.0
75.21995504444162,0.0,121.01363525425045,0.6764375,9.0,9.0
75.82844741389097,0.0,130.09704570718355,0.707125,9.0,9.0
72.28260950180305,0.0,133.47862497108204,0.7288125,9.0,9.0
72.28260950180305,0.0,136.96549064199002,0.7388125,6.5,6.5
75.18374961169317,0.0,139.97128955422215,0.715125,5.0,5.0
53.59108725363526,0.0,123.13855494271753,0.6606875,5.0,5.0
28.313914663936988,0.0,95.942040107362,0.5120625,5.0,5.0
26.603111365732566,0.0,84.37347233947476,0.2014375,5.0,5.0
23.92397220829688,0.0,72.23218687014442,0.0138125,5.0,5.0
22.634576603901273,0.0,69.07825395500855,0.0,4.375,4.375
18.98125106282732,0.0,0.0,0.0,4.0,4.0
17.15458829229034,0.0,0.0,0.0,4.0,4.0
13.70432548048421,0.0,0.0,0.0,4.0,4.0
13.442889942541491,0.0,0.0,0.0,4.0,4.0
13.442889942541491,0.0,0.0,0.0,4.0,4.0
13.442889942541491,0.0,0.0,0.0,3.375,3.375
13.442889942541491,0.0,0.0,0.0,3.0,3.0
13.442889942541491,0.10391871005891656,24.498906821854636,0.0,3.0,3.0
17.988609172044388,0.04360819470982157,69.67170430587288,0.0,3.0,3.0
35.47768867100639,0.0,67.80259982187589,0.0,3.0,3.0
82.70007562409566,0.0,95.34358300477712,0.0,3.0,3.0
74.21670290839647,0.0,94.86230812471025,0.0,3.0,3.0
72.28260950180305,0.0,97.06747838799137,0.0,3.0,3.0
74.21670290839647,0.0,102.52127040850931,0.0,3.0,3.0
75.21995504444162,0.0,104.30299981424284,0.0,3.0,3.0
75.82844741389097,0.0,109.58023318590146,0.0,3.0,3.0
72.28260950180305,0.0,107.85213643061198,0.0,3.0,3.0
72.28260950180305,0.0,106.55547582707149,0.0,3.625,3.625
75.18374961169317,0.0,105.92904656755994,0.0,4.0,4.0
53.60787113206757,0.0,86.44075525873231,0.0,4.0,4.0
28.115382607121642,0.0,68.79589095669093,0.0,4.0,4.0
26.603193307271624,0.0,67.107610234438,0.0,4.0,4.0
23.92397220829688,0.0,65.73135740328604,0.0,4.0,4.0
22.634576603901273,0.0,64.5025636907793,0.0,2.75,2.75
18.98125106282732,0.0,0.0,0.0,2.0,2.0
17.15458829229034,0.0,0.0,0.0,2.0,2.0
13.70432548048421,0.0,0.0,0.0,2.0,2.0
13.442889942541491,0.0,0.0,0.0,2.0,2.0
13.442889942541491,0.0,0.0,0.0,2.0,2.0
13.442889942541491,0.0,0.0,0.0,2.625,2.625
13.442889942541491,0.0,0.0,0.0,3.0,3.0
13.442889942541491,0.0,0.0,0.077625,3.0,3.0
18.059839233265134,0.1118966289748802,63.161209306763475,0.3225625,3.0,3.0
36.26643211595355,0.0,64.33314480244906,0.467,3.0,3.0
84.08505584865067,0.0,91.75870329543841,0.5720625,3.0,3.0
74.42622080956603,0.0,94.31637063781245,0.659875,4.25,4.25
72.28260950180305,0.0,97.80993400901028,0.7305,5.0,5.0
74.21670290839647,0.0,103.32839620276202,0.7645625,5.0,5.0
75.21995504444162,0.0,100.2593303891426,0.7664375,5.0,5.0
75.82844741389097,0.0,110.27310055642138,0.762875,5.0,5.0
72.28260950180305,0.0,111.5764725872875,0.7551875,5.0,5.0
72.28260950180305,0.0,115.52419431708924,0.7414375,4.375,4.375
75.55838773979534,0.0,119.04394399819496,0.715,4.0,4.0
54.428048676728196,0.0,101.87177440671906,0.6595625,4.0,4.0
28.705354387328054,0.0,82.87658606702296,0.509375,4.0,4.0
26.963336459509325,0.0,73.85416712616889,0.1968125,4.0,4.0
23.92397220829688,0.0,67.85662570628448,0.0134375,4.0,4.0
22.634576603901273,0.0,66.2519752982276,0.0,2.75,2.75
18.98125106282732,0.0,0.0,0.0,2.0,2.0
17.15458829229034,0.0,0.0,0.0,2.0,2.0
13.70432548048421,0.0,0.0,0.0,2.0,2.0
13.442889942541491,0.0,0.0,0.0,2.0,2.0
13.442889942541491,0.0,0.0,0.0,2.0,2.0
13.442889942541491,0.0,0.0,0.0,0.75,0.75
13.442889942541491,0.0,0.0,0.0,0.0,0.0
13.442889942541491,0.0,0.0,0.0594375,0.0,0.0
17.980337065419956,0.16113060688809006,61.44916632525749,0.2638125,0.0,0.0
35.70276365729542,0.0,63.810485206190734,0.3831875,0.0,0.0
82.87344592110614,0.0,92.17983301155179,0.470375,0.0,0.0
74.21670290839647,0.0,95.5540976382418,0.5431875,1.875,1.875
72.28260950180305,0.0,101.1716922035398,0.605,3.0,3.0
74.21670290839647,0.0,108.63528870631693,0.65675,3.0,3.0
75.21995504444162,0.0,109.06468172900604,0.6983125,3.0,3.0
75.82844741389097,0.0,118.00583305788389,0.7293125,3.0,3.0
72.28260950180305,0.0,121.41265495977633,0.747625,3.0,3.0
72.28260950180305,0.0,124.23023043634423,0.7408125,3.625,3.625
75.18374961169317,0.0,125.76592794380775,0.7140625,4.0,4.0
53.619950740186425,0.0,104.53003577655413,0.658375,4.0,4.0
28.319216934215873,0.0,83.91298185152678,0.5070625,4.0,4.0
26.615127187384385,0.0,73.6627541265706,0.1936875,4.0,4.0
23.92397220829688,0.0,67.48903049659219,0.0131875,4.0,4.0
22.634576603901273,0.0,65.95064023087986,0.0,2.125,2.125
18.98125106282732,0.0,0.0,0.0,1.0,1.0
17.15458829229034,0.0,0.0,0.0,1.0,1.0
13.70432548048421,0.0,0.0,0.0,1.0,1.0
10.350306470193523,0.0,0.0,0.0,1.0,1.0
10.350306470193523,0.0,0.0,0.0,1.0,1.0
10.350306470193523,0.0,0.0,0.0,1.625,1.625
10.350306470193523,0.0,0.0,0.0,2.0,2.0
10.350306470193523,0.0,0.0,0.0256875,2.0,2.0
17.8459321864548,0.10823693828623254,63.376854883151104,0.091,2.0,2.0
23.397707324295897,0.0,62.41411438920504,0.048625,2.0,2.0
32.29541409664253,0.0,64.25545070052719,0.16425,2.0,2.0
34.55185640433484,0.0,65.92692903505862,0.0669375,3.875,3.875
33.58480970103814,0.0,67.00628650331018,0.213,5.0,5.0
35.84125200873044,0.0,68.50596047452828,0.01775,5.0,5.0
24.492573044144226,0.0,68.22421879746742,0.0646875,5.0,5.0
21.913781835353017,0.0,70.55379861083311,0.4006875,5.0,5.0
20.302037329858514,0.0,78.81616373975884,0.6575625,5.0,5.0
19.012641725462906,0.0,74.85629963655525,0.3900625,5.625,5.625
19.33499062656181,0.0,72.60459506605721,0.30175,6.0,6.0
14.867141311086133,0.0,67.36570564650562,0.1078125,6.0,6.0
12.939055815318632,0.0060431333311880735,25.377536949864265,0.3770625,6.0,6.0
10.50858106249091,0.0,22.25498745028629,0.1834375,6.0,6.0
10.350306470193523,0.0,0.0,0.0,6.0,6.0
10.350306470193523,0.0,0.0,0.0,4.125,4.125
10.350306470193523,0.0,0.0,0.0,3.0,3.0
10.350306470193523,0.0,0.0,0.0,3.0,3.0
10.350306470193523,0.0,0.0,0.0,3.0,3.0
10.350306470193523,0.0,0.0,0.0,3.0,3.0
10.350306470193523,0.0,0.0,0.0,3.0,3.0
10.350306470193523,0.0,0.0,0.0,3.625,3.625
10.350306470193523,0.0,0.0,0.0,4.0,4.0
10.350306470193523,0.0,0.0,0.00075,4.0,4.0
12.917717930432215,0.0,0.0,6.25e-05,4.0,4.0
12.95292754550823,0.0,0.0,0.0,4.0,4.0
12.933047904492726,0.0,0.0,0.0,4.0,4.0
12.933047904492726,0.0,0.0,0.0615,4.625,4.625
12.933047904492726,0.0,0.0,0.3129375,5.0,5.0
12.933047904492726,0.0,0.0,0.28825,5.0,5.0
12.933047904492726,0.0,0.0,0.097125,5.0,5.0
12.933047904492726,0.10688721803217117,22.91309021574438,0.29925,5.0,5.0
12.933047904492726,0.0,3.0763260692131458,0.1036875,5.0,5.0
12.933047904492726,0.2883393763618904,47.84634216968221,0.395625,5.0,5.0
12.933047904492726,0.014886939826611524,47.97521528593849,0.34875,5.0,5.0
12.933047904492726,0.0201692503731769,34.546537228267624,0.12475,5.0,5.0
10.481749566491251,0.017207732724105102,53.663175285656706,0.4295625,5.0,5.0
10.345734789552147,0.0,40.35906262595728,0.184875,5.0,5.0
10.350306470193523,0.0,0.0,0.0,5.0,5.0
10.350306470193523,0.0,0.0,0.0,3.125,3.125
10.350306470193523,0.0,0.0,0.0,2.0,2.0
10.350306470193523,0.0,0.0,0.0,2.0,2.0
10.350306470193523,0.0,0.0,0.0,2.0,2.0
13.442889942541491,0.0,0.0,0.0,2.0,2.0
13.442889942541491,0.0,0.0,0.0,2.0,2.0
13.442889942541491,0.0,0.0,0.0,0.75,0.75
13.442889942541491,0.0,0.0,0.0,0.0,0.0
13.442889942541491,0.0,0.0,0.05325,0.0,0.0
18.013918755110804,0.3516699838970124,54.3431611892424,0.2919375,0.0,0.0
36.08506842901026,0.6161078505179003,56.38626253246059,0.431375,0.0,0.0
83.18693509993719,0.0,90.12356749003375,0.5314375,0.0,0.0
74.24267938572663,0.0,94.45460493430112,0.6144375,1.25,1.25
72.28260950180305,0.0,99.90138673557871,0.6856875,2.0,2.0
74.21670290839647,0.0,107.77137402960341,0.7405,2.0,2.0
75.21995504444162,0.0,107.71919307723789,0.7646875,2.0,2.0
75.82844741389097,0.0,116.9802142840776,0.762875,2.0,2.0
72.28260950180305,0.0,119.53278206970445,0.755,2.0,2.0
72.28260950180305,0.0,122.50021436962457,0.7405,2.625,2.625
75.2399377307674,0.0,126.03640041164732,0.7138125,3.0,3.0
53.966619176199735,0.0,109.22777504280297,0.6566875,3.0,3.0
28.535207995541267,0.0,86.28085861022386,0.501,3.0,3.0
26.919606983123224,0.0,75.84916066722056,0.184375,3.0,3.0
23.92397220829688,0.0,68.32266021255394,0.0,3.0,3.0
22.634576603901273,0.0,66.6587251744476,0.0,3.0,3.0
18.98125106282732,0.0,0.0,0.0,3.0,3.0
17.15458829229034,0.0,0.0,0.0,3.0,3.0
13.70432548048421,0.0,0.0,0.0,3.0,3.0
13.442889942541491,0.0,0.0,0.0,3.0,3.0
13.442889942541491,0.0,0.0,0.0,3.0,3.0
13.442889942541491,0.0,0.0,0.0,2.375,2.375
13.442889942541491,0.0,0.0,0.0,2.0,2.0
13.442889942541491,0.0,0.0,0.05175,2.0,2.0
18.012799903278196,0.17387720567684195,58.960447220678766,0.2840625,2.0,2.0
36.040008633916194,0.0,61.99110997661156,0.4213125,2.0,2.0
83.13156998022026,0.0,93.06147459405545,0.5203125,2.0,2.0
74.24267938572663,0.0,97.1705584719329,0.602125,2.625,2.625
72.28260950180305,0.0,103.86960875164621,0.6718125,3.0,3.0
74.21670290839647,0.0,112.2405215865357,0.729125,3.0,3.0
75.21995504444162,0.0,114.88002761943551,0.7638125,3.0,3.0
75.82844741389097,0.0,122.36776420843553,0.762875,3.0,3.0
72.28260950180305,0.0,126.25269242982966,0.755,3.0,3.0
72.28260950180305,0.0,128.7152236611779,0.7405,3.0,3.0
75.19381993875255,0.0,129.49655013605283,0.7138125,3.0,3.0
53.87818989520074,0.0,108.90769021762993,0.6563125,3.0,3.0
28.48490325750891,0.0,86.0961769336817,0.49875,3.0,3.0
26.853635506884224,0.0,75.31187936772209,0.18125,3.0,3.0
23.92397220829688,0.0,68.08647011316684,0.0,3.0,3.0
22.634576603901273,0.0,66.44406158811012,0.0,1.75,1.75
18.98125106282732,0.0,0.0,0.0,1.0,1.0
17.15458829229034,0.0,0.0,0.0,1.0,1.0
13.70432548048421,0.0,0.0,0.0,1.0,1.0
13.442889942541491,0.0,0.0,0.0,1.0,1.0
13.442889942541491,0.0,0.0,0.0,1.0,1.0
13.442889942541491,0.0,0.0,0.0,0.375,0.375
13.442889942541491,0.0,0.0,0.0,0.0,0.0
13.442889942541491,0.0,0.0,0.021,0.0,0.0
17.945881810883666,0.1815756432546641,57.57302875267375,0.1155,0.0,0.0
35.49301536964398,0.0,59.64196308059741,0.2235625,0.0,0.0
82.59777433696789,0.001645203319182959,89.50113916087861,0.4183125,0.0,0.0
74.21670290839647,0.0,91.64403255681708,0.3305625,0.625,0.625
72.28260950180305,0.0,102.77455681257209,0.543375,1.0,1.0
74.21670290839647,0.0,106.66094594626442,0.399375,1.0,1.0
75.21995504444162,0.0,113.769574384855,0.6298125,1.0,1.0
75.82844741389097,0.0,116.36267801311779,0.4366875,1.0,1.0
72.28260950180305,0.0,124.67890056501278,0.654125,1.0,1.0
72.28260950180305,0.0,121.8261652430496,0.445,1.0,1.0
75.18374961169317,0.0,130.45700248199674,0.689,1.0,1.0
53.5165764021006,0.0,113.23984702469502,0.6551875,1.0,1.0
27.95429979298429,0.0,89.3665339815153,0.496625,1.0,1.0
26.397430704096585,0.0,77.33674842226026,0.178875,1.0,1.0
23.92397220829688,0.0,68.32241642344725,0.0,1.0,1.0
22.634576603901273,0.0,66.53732376969317,0.0,1.0,1.0
18.98125106282732,0.0,0.0,0.0,1.0,1.0
17.15458829229034,0.0,0.0,0.0,1.0,1.0
13.70432548048421,0.0,0.0,0.0,1.0,1.0
13.442889942541491,0.0,0.0,0.0,1.0,1.0
13.442889942541491,0.0,0.0,0.0,1.0,1.0
13.442889942541491,0.0,0.0,0.0,1.0,1.0
13.442889942541491,0.0,0.0,0.0,1.0,1.0
13.442889942541491,0.0,0.0,0.0279375,1.0,1.0
17.83140239622309,0.18670511625123692,57.325257083725795,0.11175,1.0,1.0
35.29760394186848,0.0,58.417257629648695,0.0093125,1.0,1.0
82.59777433696789,0.0,83.6855441089859,0.0,1.0,1.0
74.21670290839647,0.0,87.26300583111396,0.0688125,1.625,1.625
72.28260950180305,0.0,96.36054335761723,0.27525,2.0,2.0
74.21670290839647,0.0,105.8153038885498,0.1028125,2.0,2.0
75.21995504444162,0.0,112.8480455433678,0.3195,2.0,2.0
75.82844741389097,0.0,117.48185754295602,0.026625,2.0,2.0
72.28260950180305,0.0,114.91602617448058,0.0,2.0,2.0
72.28260950180305,0.0,114.24241079504304,0.0901875,2.0,2.0
75.18374961169317,0.0,121.42195230099634,0.45525,2.0,2.0
53.5165764021006,0.0,103.82780563473206,0.5123125,2.0,2.0
27.83410751134467,0.0,86.62042688768933,0.48375,2.0,2.0
25.64273811792118,0.0,77.08233121908697,0.17575,2.0,2.0
23.92397220829688,0.0,67.93842097518936,0.0,2.0,2.0
22.634576603901273,0.0,66.07291055820035,0.0,2.625,2.625
18.98125106282732,0.0,0.0,0.0,3.0,3.0
17.15458829229034,0.0,0.0,0.0,3.0,3.0
13.70432548048421,0.0,0.0,0.0,3.0,3.0
13.442889942541491,0.0,0.0,0.0,3.0,3.0
13.442889942541491,0.0,0.0,0.0,3.0,3.0
13.442889942541491,0.0,0.0,0.0,2.375,2.375
13.442889942541491,0.0,0.0,0.0,2.0,2.0
13.442889942541491,0.0,0.0,0.0225,2.0,2.0
17.96116689079625,0.09450424215947742,64.35696255708574,0.1543125,2.0,2.0
35.5446610518279,0.0,65.10790104766602,0.3451875,2.0,2.0
82.65395981377853,0.0,92.71277893785563,0.4369375,2.0,2.0
74.21670290839647,0.0,96.92361467549466,0.507,2.0,2.0
72.28260950180305,0.0,103.25711623894325,0.56675,2.0,2.0
74.21670290839647,0.0,110.62010486525378,0.6163125,2.0,2.0
75.21995504444162,0.0,113.14792834789091,0.6553125,2.0,2.0
75.82844741389097,0.0,122.73101507854372,0.6851875,2.0,2.0
72.28260950180305,0.0,127.27146721545289,0.7064375,2.0,2.0
72.28260950180305,0.0,129.74646214697802,0.7190625,3.25,3.25
75.18374961169317,0.0,130.7310733540324,0.7111875,4.0,4.0
53.56546625807146,0.0,108.62835830226345,0.653625,4.0,4.0
28.145109821623205,0.0,85.96703086812927,0.4920625,4.0,4.0
26.58384777920944,0.0,74.76140158447737,0.172625,4.0,4.0
23.92397220829688,0.0,67.99184017653496,0.0,4.0,4.0
22.634576603901273,0.0,66.37780456567572,0.0,3.375,3.375
18.98125106282732,0.0,0.0,0.0,3.0,3.0
17.15458829229034,0.0,0.0,0.0,3.0,3.0
13.70432548048421,0.0,0.0,0.0,3.0,3.0
10.350306470193523,0.0,0.0,0.0,3.0,3.0
10.350306470193523,0.0,0.0,0.0,3.0,3.0
10.350306470193523,0.0,0.0,0.0,4.875,4.875
10.350306470193523,0.0,0.0,0.0,6.0,6.0
10.350306470193523,0.0,0.0,0.050625,6.0,6.0
18.012799903278196,0.13294984258545536,69.45101807125538,0.2799375,6.0,6.0
23.619080802483744,0.0,68.57208230939088,0.4235625,6.0,6.0
32.457439166890005,0.0,72.4161440089708,0.526625,6.0,6.0
34.55521295983268,0.0,74.46293607629195,0.6115,4.125,4.125
33.58480970103814,0.0,75.39570444259694,0.684,3.0,3.0
35.84125200873044,0.0,78.79806795864354,0.740375,3.0,3.0
24.492573044144226,0.0,78.73596976886154,0.7646875,3.0,3.0
21.913781835353017,0.0,80.1807674588998,0.762875,3.0,3.0
20.302037329858514,0.0,82.09363120708579,0.755,3.0,3.0
19.012641725462906,0.0,85.31299547041556,0.7403125,4.875,4.875
19.33666901440504,0.0,86.23891869052704,0.7125,6.0,6.0
14.900226618638062,0.0,71.5092967018716,0.6523125,6.0,6.0
13.044075961743147,0.10408272112792787,51.3415441691318,0.489,6.0,6.0
10.554407432681995,0.0,53.486324092840775,0.1694375,6.0,6.0
10.350306470193523,0.0,2.888001977321489,0.0,6.0,6.0
10.350306470193523,0.0,6.169549584311633,0.0,5.375,5.375
10.350306470193523,0.0,0.0,0.0,5.0,5.0
10.350306470193523,0.0,0.0,0.0,5.0,5.0
10.350306470193523,0.0,0.0,0.0,5.0,5.0
10.350306470193523,0.0,0.0,0.0,5.0,5.0
10.350306470193523,0.0,0.0,0.0,5.0,5.0
10.350306470193523,0.0,0.0,0.0,4.375,4.375
10.350306470193523,0.0,0.0,0.0,4.0,4.0
10.350306470193523,0.0,0.0,0.007875,4.0,4.0
12.908783246091156,0.0,0.0,0.0435,4.0,4.0
12.95260889639669,0.0,0.0,0.0658125,4.0,4.0
12.93976101548839,0.0,0.0,0.06475,4.0,4.0
12.935285608157947,0.0,0.0,0.0050625,2.75,2.75
12.933047904492726,0.0,0.0,0.02175,2.0,2.0
12.933047904492726,0.17162982479330033,21.268689339225745,0.1100625,2.0,2.0
12.933047904492726,0.10111787673570846,16.271768170555603,0.1236875,2.0,2.0
12.933047904492726,0.09232248838472133,30.93601882900028,0.1044375,2.0,2.0
12.933047904492726,0.0,6.748836107526683,0.0335625,2.0,2.0
12.933047904492726,0.21959420162206575,37.74010217294321,0.102,2.625,2.625
12.940409954063126,0.0,6.661881719334326,0.0085,3.0,3.0
12.968656725556029,0.0,0.0,0.0,3.0,3.0
10.516940047198675,0.0,0.0,0.033,3.0,3.0
10.350306470193523,0.05638821544376289,24.280122479555576,0.132,3.0,3.0
10.350306470193523,0.0,0.0,0.0,3.0,3.0
10.350306470193523,0.0,0.0,0.0,2.375,2.375
10.350306470193523,0.0,0.0,0.0,2.0,2.0
10.350306470193523,0.0,0.0,0.0,2.0,2.0
10.350306470193523,0.0,0.0,0.0,2.0,2.0
13.442889942541491,0.0,0.0,0.0,2.0,2.0
13.442889942541491,0.0,0.0,0.0,2.0,2.0
13.442889942541491,0.0,0.0,0.0,1.375,1.375
13.442889942541491,0.0,0.0,0.0,1.0,1.0
13.442889942541491,0.0,0.0,0.0485625,1.0,1.0
18.012799903278196,0.10147838925090082,69.31599860775124,0.27,1.0,1.0
35.960413062277034,0.0,74.77676945040601,0.41425,1.0,1.0
83.05616698785182,0.0,108.33207827057672,0.5166875,1.0,1.0
74.22677257488996,0.0,112.1307652997589,0.6015,1.0,1.0
72.28260950180305,0.0,118.58161732156015,0.6738125,1.0,1.0
74.21670290839647,0.0,125.21286038555394,0.7316875,1.0,1.0
75.21995504444162,0.0,126.66915522904159,0.7649375,1.0,1.0
75.82844741389097,0.0,135.1460453092252,0.7636875,1.0,1.0
72.28260950180305,0.0,137.43933539661762,0.7550625,1.0,1.0
72.28260950180305,0.0,138.2117319695576,0.740125,2.25,2.25
75.18374961169317,0.0,138.41754232423278,0.7115625,3.0,3.0
53.74473506491038,0.0,116.60026995574611,0.6505625,3.0,3.0
28.48490325750891,0.0,90.12649311311486,0.4836875,3.0,3.0
26.897364983270325,0.0,78.21506278097358,0.163125,3.0,3.0
23.92397220829688,0.0,69.29665675620241,0.0,3.0,3.0
22.634576603901273,0.0,67.29713762834736,0.0,3.0,3.0
18.98125106282732,0.0,0.0,0.0,3.0,3.0
17.15458829229034,0.0,0.0,0.0,3.0,3.0
13.70432548048421,0.0,0.0,0.0,3.0,3.0
13.442889942541491,0.0,0.0,0.0,3.0,3.0
13.442889942541491,0.0,0.0,0.0,3.0,3.0
13.442889942541491,0.0,0.0,0.0,2.375,2.375
13.442889942541491,0.0,0.0,0.0,2.0,2.0
13.442889942541491,0.0,0.0,0.0073125,2.0,2.0
17.950390393734704,0.0975136853540198,63.45148351032356,0.02925,2.0,2.0
35.704916314794794,0.0,64.23626219853003,0.0170625,2.0,2.0
82.69847100190282,0.0,89.65185313231947,0.0755625,2.0,2.0
74.24691190787695,0.0,91.00261130882862,0.073125,2.625,2.625
72.28260950180305,0.0,92.64604374432477,0.0266875,3.0,3.0
74.21670290839647,0.0,99.37366615139837,0.1065,3.0,3.0
75.21995504444162,0.0,101.03426496698535,0.120625,3.0,3.0
75.82844741389097,0.0,108.86692529659024,0.126375,3.0,3.0
72.28260950180305,0.0,107.63242988578774,0.105375,3.0,3.0
72.28260950180305,0.0,103.7929611202278,0.0334375,3.625,3.625
75.21396059287135,0.0,105.87200305404292,0.10125,4.0,4.0
53.71213582598405,0.0,85.31567801678884,0.040125,4.0,4.0
27.97577076581103,0.0,69.19467501587167,0.12675,4.0,4.0
26.971657766190386,0.0,67.28433585822128,0.0105625,4.0,4.0
23.92397220829688,0.0,65.73340721629489,0.0,4.0,4.0
22.634576603901273,0.0,64.31851494703626,0.0,5.25,5.25
18.98125106282732,0.0,0.0,0.0,6.0,6.0
17.15458829229034,0.0,0.0,0.0,6.0,6.0
13.70432548048421,0.0,0.0,0.0,6.0,6.0
13.442889942541491,0.0,0.0,0.0,6.0,6.0
13.442889942541491,0.0,0.0,0.0,6.0,6.0
13.442889942541491,0.0,0.0,0.0,5.375,5.375
13.442889942541491,0.0,0.0,0.0,5.0,5.0
13.442889942541491,0.0,0.0,0.0,5.0,5.0
18.336058690846233,0.13226152035234268,56.33567812468858,0.0,5.0,5.0
37.14163601807649,0.31797496934496267,53.6121118541719,0.0,5.0,5.0
87.42716815552771,0.017106616812332505,73.6983892540407,0.0,5.0,5.0
77.17750033526669,0.0,72.80131147357557,0.0,4.375,4.375
73.95797393259244,0.0,72.67059672676908,0.0,4.0,4.0
75.46358967382557,0.0,74.61181080045172,0.0,4.0,4.0
76.46684180987073,0.0,72.52284106718653,0.0,4.0,4.0
77.07533417932007,0.0,76.59928645516491,0.0,4.0,4.0
73.52949626723216,0.0,75.3377142470634,0.0,4.0,4.0
74.27571772659026,0.0,76.38696171387147,0.0,2.75,2.75
78.26012789713626,0.0,79.62675378358713,0.0,2.0,2.0
56.45999388600385,0.0,71.9184592445631,0.0,2.0,2.0
29.870437181255188,0.0,62.533231209824734,0.0,2.0,2.0
27.57729774937083,0.0,61.47029219632672,0.0,2.0,2.0
23.92397220829688,0.0,59.981114526490806,0.0,2.0,2.0
22.634576603901273,0.0,57.260208419380525,0.0,2.0,2.0
18.98125106282732,0.0,0.0,0.0,2.0,2.0
17.15458829229034,0.0,0.0,0.0,2.0,2.0
13.70432548048421,0.0,0.0,0.0,2.0,2.0
13.442889942541491,0.0,0.0,0.0,2.0,2.0
13.442889942541491,0.0,0.0,0.0,2.0,2.0
13.442889942541491,0.0,0.0,0.0,2.0,2.0
13.442889942541491,0.0,0.0,0.0,2.0,2.0
13.442889942541491,0.0,0.0,0.015375,2.0,2.0
17.822518577194618,0.16207829178688227,55.189283756349134,0.0615,2.0,2.0
35.475263691719825,0.045463952592601456,53.40564024804346,0.03625,2.0,2.0
82.59777433696789,0.0,69.03708631815017,0.1245,2.0,2.0
74.21670290839647,0.0,69.31454601080421,0.010375,2.0,2.0
72.28260950180305,0.0,70.11421984782099,0.0,2.0,2.0
74.21670290839647,0.0,73.78336309776178,0.0,2.0,2.0
75.21995504444162,0.0,73.76322607124985,0.0,2.0,2.0
75.82844741389097,0.0,79.5556230506496,0.0,2.0,2.0
72.28260950180305,0.0,80.22543627902603,0.0530625,2.0,2.0
72.28260950180305,0.0,89.5675258894417,0.21225,2.0,2.0
75.24417157404949,0.0,89.51339820210919,0.0176875,2.0,2.0
53.77723813689178,0.0,75.89028627665263,0.0,2.0,2.0
28.24532467563708,0.0,65.39164961292651,0.0001875,2.0,2.0
25.950479821790314,0.0,64.17824875382914,0.00075,2.0,2.0
23.92397220829688,0.0,62.77572316604246,0.0,2.0,2.0
22.634576603901273,0.0,61.457387024406366,0.0,2.0,2.0
18.98125106282732,0.0,0.0,0.0,2.0,2.0
17.15458829229034,0.0,0.0,0.0,2.0,2.0
13.70432548048421,0.0,0.0,0.0,2.0,2.0
13.442889942541491,0.0,0.0,0.0,2.0,2.0
13.442889942541491,0.0,0.0,0.0,2.0,2.0
13.442889942541491,0.0,0.0,0.0,3.25,3.25
13.442889942541491,0.0,0.0,0.0,4.0,4.0
13.442889942541491,0.0,0.0,0.0,4.0,4.0
18.240841431877286,0.099148095052826,61.45157304571629,0.0,4.0,4.0
36.41806599037044,0.0,60.61257425928949,0.0,4.0,4.0
83.78010807822578,0.0,72.89016047788546,0.0,4.0,4.0
74.85021595760452,0.0,71.63530169921478,0.0,5.25,5.25
72.61607184551069,0.0,72.35019879947522,0.0,6.0,6.0
74.21670290839647,0.0,75.62709853498157,0.0,6.0,6.0
75.21995504444162,0.0,74.92672059136308,0.0,6.0,6.0
75.82844741389097,0.0,79.51953040406066,0.0,6.0,6.0
72.30858663969912,0.0,78.3951061293127,0.0,6.0,6.0
72.70568283241235,0.0,78.95934343171179,0.0,6.0,6.0
75.84324178049495,0.0,81.25896488628676,0.0,6.0,6.0
54.413771890834674,0.0,72.84734038965436,0.0,6.0,6.0
29.154392333391186,0.0,63.190502251250734,0.0,6.0,6.0
27.416016821011766,0.0,62.00664490760019,0.0,6.0,6.0
23.92397220829688,0.0,61.0048249788136,0.0,6.0,6.0
22.634576603901273,0.0,60.078799014727124,0.0,4.75,4.75
18.98125106282732,0.0,0.0,0.0,4.0,4.0
17.15458829229034,0.0,0.0,0.0,4.0,4.0
13.70432548048421,0.0,0.0,0.0,4.0,4.0
10.350306470193523,0.0,0.0,0.0,4.0,4.0
10.350306470193523,0.0,0.0,0.0,4.0,4.0
10.350306470193523,0.0,0.0,0.0,4.0,4.0
10.350306470193523,0.0,0.0,0.0,4.0,4.0
10.350306470193523,0.0,0.0,0.0350625,4.0,4.0
17.913418973025426,0.10054794331908638,62.496573569372856,0.207375,4.0,4.0
23.454834212704693,0.0,61.62614995581064,0.3655,4.0,4.0
32.305483763136024,0.0,63.25370749824981,0.4496875,4.0,4.0
34.55185640433484,0.0,65.59811883466021,0.4859375,4.0,4.0
33.58480970103814,0.0,66.44273942795664,0.5878125,4.0,4.0
35.84125200873044,0.0,66.56696844566048,0.46225,4.0,4.0
24.492573044144226,0.0,66.46545840301573,0.15425,4.0,4.0
21.913781835353017,0.0,68.99107739281196,0.6174375,4.0,4.0
20.302037329858514,0.0,70.12311841261085,0.7466875,4.0,4.0
19.012641725462906,0.0,72.87882255411658,0.7391875,5.875,5.875
19.33499062656181,0.0,76.29691125168756,0.7098125,7.0,7.0
14.867141311086133,0.0,67.57171267924802,0.6435625,7.0,7.0
12.98459708321803,0.04728610540765475,45.11166059981109,0.438375,7.0,7.0
10.563157938706409,0.0,16.5522840567931,0.0330625,7.0,7.0
10.350306470193523,0.0,0.0,0.0,7.0,7.0
10.350306470193523,0.0,0.0,0.0,5.75,5.75
10.350306470193523,0.0,0.0,0.0,5.0,5.0
10.350306470193523,0.0,0.0,0.0,5.0,5.0
10.350306470193523,0.0,0.0,0.0,5.0,5.0
10.350306470193523,0.0,0.0,0.0,5.0,5.0
10.350306470193523,0.0,0.0,0.0,5.0,5.0
10.350306470193523,0.0,0.0,0.0,3.125,3.125
10.350306470193523,0.0,0.0,0.0,2.0,2.0
10.350306470193523,0.0,0.0,0.022125,2.0,2.0
12.89363074028585,0.0,0.0,0.0885,2.0,2.0
12.952043833795083,0.0,0.0,0.0540625,2.0,2.0
12.933047904492726,0.0,0.0,0.18675,2.0,2.0
12.933047904492726,0.0,0.0,0.0155625,3.25,3.25
12.933047904492726,0.0,0.0,0.0680625,4.0,4.0
12.933047904492726,0.2568804072595079,14.30756864799512,0.3939375,4.0,4.0
12.933047904492726,0.09550184259644567,52.70270620302131,0.58575,4.0,4.0
12.933047904492726,0.011384767912005373,34.935252982422256,0.4774375,4.0,4.0
12.933047904492726,0.046287324523962524,52.83503295769326,0.632375,4.0,4.0
12.933047904492726,0.023076573229468524,53.73087736954086,0.365625,4.625,4.625
12.933047904492726,0.08544013836363411,20.40309012010781,0.0268125,5.0,5.0
12.934726292335958,0.0,0.0,0.0,5.0,5.0
10.49934486379923,0.0,12.831867288484217,0.0,5.0,5.0
10.350306470193523,0.0,0.0,0.0,5.0,5.0
10.350306470193523,0.0,0.0,0.0,5.0,5.0
10.350306470193523,0.0,0.0,0.0,3.75,3.75
10.350306470193523,0.0,0.0,0.0,3.0,3.0
10.350306470193523,0.0,0.0,0.0,3.0,3.0
10.350306470193523,0.0,0.0,0.0,3.0,3.0
13.442889942541491,0.0,0.0,0.0,3.0,3.0
13.442889942541491,0.0,0.0,0.0,3.0,3.0
13.442889942541491,0.0,0.0,0.0,3.625,3.625
13.442889942541491,0.0,0.0,0.0,4.0,4.0
13.442889942541491,0.0,0.0,0.0219375,4.0,4.0
17.856927129833913,0.13333307821963716,62.43609190590039,0.08775,4.0,4.0
35.346735215095244,0.0,61.38142397097317,0.0073125,4.0,4.0
82.59777433696789,0.0,83.1392998487934,0.0555,4.0,4.0
74.21670290839647,0.0,85.74825957458175,0.222,4.0,4.0
72.28260950180305,0.0,89.10236234415376,0.087125,4.0,4.0
74.21670290839647,0.0,99.99938862411723,0.3961875,4.0,4.0
75.21995504444162,0.0,103.69611030509085,0.5865,4.0,4.0
75.82844741389097,0.0,116.18013315428792,0.479875,4.0,4.0
72.28260950180305,0.0,124.35923564925015,0.6340625,4.0,4.0
72.28260950180305,0.0,122.27794759388908,0.3686875,3.375,3.375
75.18374961169317,0.0,114.4572670291459,0.0270625,3.0,3.0
53.53336028053292,0.0,91.59093032779106,0.0,3.0,3.0
27.984667407876202,0.0,70.45797475756792,0.0,3.0,3.0
27.134622987630806,0.0,68.08605382359141,0.0,3.0,3.0
23.92397220829688,0.0,66.46753864938114,0.0,3.0,3.0
22.634576603901273,0.0,65.0201172873513,0.0,1.125,1.125
18.98125106282732,0.0,0.0,0.0,0.0,0.0
17.15458829229034,0.0,0.0,0.0,0.0,0.0
13.70432548048421,0.0,0.0,0.0,0.0,0.0
13.442889942541491,0.0,0.0,0.0,0.0,0.0
13.442889942541491,0.0,0.0,0.0,0.0,0.0
13.442889942541491,0.0,0.0,0.0,1.25,1.25
13.442889942541491,0.0,0.0,0.0,2.0,2.0
13.442889942541491,0.0,0.0,0.045,2.0,2.0
18.028495247239505,0.1423171341430707,59.412646680367686,0.2565,2.0,2.0
36.05724576346083,0.0,60.626108764382735,0.41925,2.0,2.0
83.00844655534183,0.0,88.43216985458663,0.53475,2.0,2.0
74.21670290839647,0.0,93.72110503949114,0.629,2.625,2.625
72.28260950180305,0.0,102.21478269948372,0.7075625,3.0,3.0
74.21670290839647,0.0,111.04430925459948,0.763,3.0,3.0
75.21995504444162,0.0,111.59071364321895,0.767375,3.0,3.0
75.82844741389097,0.0,121.06931717681105,0.7636875,3.0,3.0
72.28260950180305,0.0,124.42113695882891,0.754875,3.0,3.0
72.28260950180305,0.0,126.80439464817678,0.739,4.25,4.25
75.19381993875255,0.0,127.39780861336688,0.7085,5.0,5.0
53.80105836837083,0.0,104.65874951455488,0.6388125,5.0,5.0
28.48101226832406,0.0,80.78773268932979,0.4284375,5.0,5.0
27.350070766148328,0.0,69.5354051747196,0.03225,5.0,5.0
23.92397220829688,0.0,66.88311262992018,0.0,5.0,5.0
22.634576603901273,0.0,65.2473383683707,0.0,3.75,3.75
18.98125106282732,0.0,0.0,0.0,3.0,3.0
17.15458829229034,0.0,0.0,0.0,3.0,3.0
13.70432548048421,0.0,0.0,0.0,3.0,3.0
13.442889942541491,0.0,0.0,0.0,3.0,3.0
13.442889942541491,0.0,0.0,0.0,3.0,3.0
13.442889942541491,0.0,0.0,0.0,2.375,2.375
13.442889942541491,0.0,0.0,0.0,2.0,2.0
13.442889942541491,0.0,0.0,0.0489375,2.0,2.0
18.06160665669143,0.2284688528013912,55.37102002385585,0.2803125,2.0,2.0
36.29894165570878,0.19342622430683892,57.182204212461144,0.4635,2.0,2.0
83.55843757549479,0.0010177013418645703,88.40976216326276,0.59275,2.0,2.0
74.3206088177171,0.0,93.62338349673526,0.694625,3.25,3.25
72.28260950180305,0.0,101.84541407722516,0.759,4.0,4.0
74.21670290839647,0.0,109.47021459636568,0.7669375,4.0,4.0
75.21995504444162,0.0,110.37334902583729,0.767375,4.0,4.0
75.82844741389097,0.0,119.21958387562044,0.7636875,4.0,4.0
72.28260950180305,0.0,121.44698370133177,0.754875,4.0,4.0
72.28260950180305,0.0,124.41802007356664,0.7388125,2.75,2.75
75.43939174480315,0.0,126.55961087642758,0.7075625,2.0,2.0
54.42142875744332,0.0,106.5695804911466,0.6370625,2.0,2.0
28.721230962846704,0.0,81.65631614671264,0.424625,2.0,2.0
27.38835786656456,0.0,70.10688085585984,0.0319375,2.0,2.0
23.92397220829688,0.0,67.49560564203696,0.0,2.0,2.0
22.634576603901273,0.0,66.0776534537779,0.0,2.0,2.0
18.98125106282732,0.0,0.0,0.0,2.0,2.0
17.15458829229034,0.0,0.0,0.0,2.0,2.0
13.70432548048421,0.0,0.0,0.0,2.0,2.0
13.442889942541491,0.0,0.0,0.0,2.0,2.0
13.442889942541491,0.0,0.0,0.0,2.0,2.0
13.442889942541491,0.0,0.0,0.0,2.0,2.0
13.442889942541491,0.0,0.0,0.0,2.0,2.0
13.442889942541491,0.0,0.0,0.018,2.0,2.0
17.927380069081035,0.1598216859100343,58.062020177160136,0.1479375,2.0,2.0
35.29337141971815,0.0,60.4313650845647,0.408,2.0,2.0
82.59777433696789,0.0,91.09489084333909,0.466875,2.0,2.0
74.21670290839647,0.0,91.65603753085615,0.3588125,2.625,2.625
72.28260950180305,0.0,103.96188561929158,0.6038125,3.0,3.0
74.21670290839647,0.0,106.51815088805085,0.4294375,3.0,3.0
75.21995504444162,0.0,111.92280705206952,0.664,3.0,3.0
75.82844741389097,0.0,114.68206818063136,0.3894375,3.0,3.0
72.28260950180305,0.0,114.87752806345445,0.4416875,3.0,3.0
72.28260950180305,0.0,125.89560711238231,0.6540625,3.0,3.0
75.18374961169317,0.0,123.20816630067195,0.4641875,3.0,3.0
53.5165764021006,0.0,108.1443666437616,0.614375,3.0,3.0
27.98345277724169,0.0,84.86603327010963,0.42075,3.0,3.0
27.22962516727447,0.0,71.07559783072513,0.031625,3.0,3.0
23.92397220829688,0.0,67.48691159309506,0.0,3.0,3.0
22.634576603901273,0.0,65.92186476366078,0.0,3.0,3.0
18.98125106282732,0.0,0.0,0.0,3.0,3.0
17.15458829229034,0.0,0.0,0.0,3.0,3.0
13.70432548048421,0.0,0.0,0.0,3.0,3.0
13.442889942541491,0.0,0.0,0.0,3.0,3.0
13.442889942541491,0.0,0.0,0.0,3.0,3.0
13.442889942541491,0.0,0.0,0.0,3.625,3.625
13.442889942541491,0.0,0.0,0.0,4.0,4.0
13.442889942541491,0.0,0.0,0.0,4.0,4.0
18.240841431877286,0.11157209198727408,59.215630069094246,0.0,4.0,4.0
36.13332419078231,0.0,57.042047924738526,0.0,4.0,4.0
83.43063283938476,0.013714112868221492,79.11503009584986,0.0,4.0,4.0
74.54009492504471,0.0,78.2589471774788,0.0,3.375,3.375
72.28260950180305,0.0,78.8653068366356,0.0,3.0,3.0
74.21670290839647,0.0,81.79807845409445,0.0,3.0,3.0
75.21995504444162,0.0,79.98330907667003,0.0,3.0,3.0
75.82844741389097,0.0,85.75088847663177,0.0,3.0,3.0
72.28260950180305,0.0,85.1881537208544,0.0,3.0,3.0
72.31282048298122,0.0,86.39171583544272,0.0,3.625,3.625
75.55910250979248,0.0,88.99140163108785,0.0,4.0,4.0
54.01373698563473,0.0,75.82490874164853,0.0,4.0,4.0
28.910013599513327,0.0,65.18320754460869,0.0,4.0,4.0
27.505885713126272,0.0,63.8272516291707,0.0,4.0,4.0
23.92397220829688,0.0,61.451182679203505,0.0,4.0,4.0
22.634576603901273,0.0,58.84713809672933,0.0,4.625,4.625
18.98125106282732,0.0,0.0,0.0,5.0,5.0
17.15458829229034,0.0,0.0,0.0,5.0,5.0
13.70432548048421,0.0,0.0,0.0,5.0,5.0
10.350306470193523,0.0,0.0,0.0,5.0,5.0
10.350306470193523,0.0,0.0,0.0,5.0,5.0
10.350306470193523,0.0,0.0,0.0,5.0,5.0
10.350306470193523,0.0,0.0,0.0,5.0,5.0
10.350306470193523,0.0,0.0,0.0230625,5.0,5.0
17.879897299524774,0.16501643256649323,53.940130031493474,0.09225,5.0,5.0
23.397707324295897,0.0,53.70306305620641,0.0076875,5.0,5.0
32.29541409664253,0.0,56.06617281700853,0.064875,5.0,5.0
34.55185640433484,0.0,59.21390422791467,0.333,3.75,3.75
33.58480970103814,0.0,62.23974614563822,0.42475,3.0,3.0
35.84125200873044,0.0,66.42785360777934,0.547625,3.0,3.0
24.492573044144226,0.0,67.35291374740814,0.382875,3.0,3.0
21.913781835353017,0.0,65.46417414632408,0.1228125,3.0,3.0
20.302037329858514,0.0,68.28380436592121,0.5055,3.0,3.0
19.012641725462906,0.0,73.0291220910733,0.6834375,4.25,4.25
19.33499062656181,0.0,76.3401173251051,0.6805625,5.0,5.0
14.867141311086133,0.0,67.03271025041575,0.55625,5.0,5.0
12.95321263563426,0.1149162248828279,43.34656807670241,0.4054375,5.0,5.0
10.565207539722888,0.0,16.45182540458403,0.030875,5.0,5.0
10.350306470193523,0.0,0.0,0.0,5.0,5.0
10.350306470193523,0.0,0.0,0.0,3.125,3.125
10.350306470193523,0.0,0.0,0.0,2.0,2.0
10.350306470193523,0.0,0.0,0.0,2.0,2.0
10.350306470193523,0.0,0.0,0.0,2.0,2.0
10.350306470193523,0.0,0.0,0.0,2.0,2.0
10.350306470193523,0.0,0.0,0.0,2.0,2.0
10.350306470193523,0.0,0.0,0.0,2.0,2.0
10.350306470193523,0.0,0.0,0.0,2.0,2.0
10.350306470193523,0.0,0.0,0.02475,2.0,2.0
12.862869531125025,0.0,0.0,0.1445625,2.0,2.0
12.933607330409032,0.17730224242351958,2.6093116857838017,0.250125,2.0,2.0
12.933047904492726,0.3294596180063708,39.04770381501158,0.3245625,2.0,2.0
12.933047904492726,0.036505445172535476,45.49297895879782,0.303375,3.25,3.25
12.933047904492726,0.0,0.0,0.023625,4.0,4.0
12.933047904492726,0.0,0.0,0.0,4.0,4.0
12.933047904492726,0.0,12.776749188186924,0.0,4.0,4.0
12.933047904492726,0.0,0.0,0.0,4.0,4.0
12.933047904492726,0.13135659631783667,23.14731560250654,0.0,4.0,4.0
12.933047904492726,0.2990181551226242,9.159618884872241,0.1081875,4.625,4.625
12.933047904492726,0.28527220428887745,56.86634343666249,0.547875,5.0,5.0
12.933047904492726,0.1872314739958578,38.975035813439284,0.4965625,5.0,5.0
10.502002714011951,0.10199139966739038,48.9598800566966,0.038375,5.0,5.0
10.350306470193523,0.0,11.90813751414517,0.0,5.0,5.0
10.350306470193523,0.0,0.0,0.0,5.0,5.0
10.350306470193523,0.0,0.0,0.0,3.125,3.125
10.350306470193523,0.0,0.0,0.0,2.0,2.0
10.350306470193523,0.0,0.0,0.0,2.0,2.0
10.350306470193523,0.0,0.0,0.0,2.0,2.0
13.442889942541491,0.0,0.0,0.0,2.0,2.0
13.442889942541491,0.0,0.0,0.0,2.0,2.0
13.442889942541491,0.0,0.0,0.0,3.25,3.25
13.442889942541491,0.0,0.0,0.0,4.0,4.0
13.442889942541491,0.0,0.0,0.0,4.0,4.0
18.128306301166262,0.09731886669221307,68.18466839477824,0.0,4.0,4.0
35.6091789347555,0.0,66.52329939652266,0.0,4.0,4.0
82.79974901126599,0.0,90.58055414705906,0.0,4.0,4.0
74.21670290839647,0.0,90.56313234333467,0.0,5.25,5.25
72.28260950180305,0.0,92.33628031956312,0.0,6.0,6.0
74.21670290839647,0.0,97.12335347155664,0.0,6.0,6.0
75.21995504444162,0.0,96.76552753013492,0.0,6.0,6.0
75.82844741389097,0.0,103.72671389235424,0.0,6.0,6.0
72.28260950180305,0.0,102.5208485178931,0.0,6.0,6.0
72.28260950180305,0.0,102.7331232620527,0.0,4.75,4.75
75.19381993875255,0.0,103.95665698757244,0.0,4.0,4.0
53.677677713288766,0.0,87.47776980554426,0.0,4.0,4.0
28.305099252586515,0.0,68.862613832222,0.0,4.0,4.0
27.434471860917405,0.0,67.2576337826579,0.0,4.0,4.0
23.92397220829688,0.0,65.97764408350383,0.0,4.0,4.0
22.634576603901273,0.0,64.8113886347002,0.0,2.75,2.75
18.98125106282732,0.0,0.0,0.0,2.0,2.0
17.15458829229034,0.0,0.0,0.0,2.0,2.0
13.70432548048421,0.0,0.0,0.0,2.0,2.0
13.442889942541491,0.0,0.0,0.0,2.0,2.0
13.442889942541491,0.0,0.0,0.0,2.0,2.0
13.442889942541491,0.0,0.0,0.0,2.625,2.625
13.442889942541491,0.0,0.0,0.0,3.0,3.0
13.442889942541491,0.0,0.0,0.0225,3.0,3.0
17.90219903639456,0.15530515515044604,68.84408547480774,0.1445625,3.0,3.0
35.364348108460206,0.0,67.22569352588283,0.2829375,3.0,3.0
82.59777433696789,0.0,95.49380438768323,0.3151875,3.0,3.0
74.21670290839647,0.0,103.34353954884233,0.3899375,3.0,3.0
72.28260950180305,0.0,112.55256576680478,0.5220625,3.0,3.0
74.21670290839647,0.0,120.2263601676182,0.579375,3.0,3.0
75.21995504444162,0.0,121.3855245306127,0.6194375,3.0,3.0
75.82844741389097,0.0,131.98418639698568,0.62425,3.0,3.0
72.28260950180305,0.0,134.22456471225215,0.4395,3.0,3.0
72.28260950180305,0.0,128.63269409724546,0.13825,4.25,4.25
75.18374961169317,0.0,134.384363670266,0.42,5.0,5.0
53.5165764021006,0.0,107.5654693045859,0.123875,5.0,5.0
27.87404596548496,0.0,85.69794001892357,0.3555,5.0,5.0
27.088506516747756,0.0,73.9186838277817,0.029625,5.0,5.0
23.92397220829688,0.0,68.99092190274467,0.0,5.0,5.0
22.634576603901273,0.0,67.5393015548326,0.0,3.125,3.125
18.98125106282732,0.0,0.0,0.0,2.0,2.0
17.15458829229034,0.0,0.0,0.0,2.0,2.0
13.70432548048421,0.0,0.0,0.0,2.0,2.0
13.442889942541491,0.0,0.0,0.0,2.0,2.0
13.442889942541491,0.0,0.0,0.0,2.0,2.0
13.442889942541491,0.0,0.0,0.0,2.0,2.0
13.442889942541491,0.0,0.0,0.0,2.0,2.0
13.442889942541491,0.0,0.0,0.0268125,2.0,2.0
17.82075115376832,0.09959774110156853,69.06982831297547,0.10725,2.0,2.0
35.35931951073453,0.0,68.25230033204937,0.0790625,2.0,2.0
82.59777433696789,0.0,104.59834383676804,0.3645,2.0,2.0
74.21670290839647,0.0,120.76515069695931,0.359375,3.25,3.25
72.28260950180305,0.0,114.03726070672312,0.028,4.0,4.0
74.21670290839647,0.0,116.21463078302203,0.0,4.0,4.0
75.21995504444162,0.0,117.63729464752875,0.0,4.0,4.0
75.82844741389097,0.0,123.60955119947904,0.0,4.0,4.0
72.28260950180305,0.0,122.26934496431757,0.0,4.0,4.0
72.28260950180305,0.0,125.56221054426626,0.1295625,4.625,4.625
75.18374961169317,0.0,145.42973236916748,0.51825,5.0,5.0
53.55014415896523,0.0,107.30463782629117,0.0431875,5.0,5.0
28.059538002710575,0.0,75.82708233608838,0.0,5.0,5.0
27.090157650283185,0.0,71.58714931476757,0.0,5.0,5.0
23.92397220829688,0.0,68.31364108294295,0.0,5.0,5.0
22.634576603901273,0.0,66.9171496611519,0.0,3.75,3.75
18.98125106282732,0.0,0.0,0.0,3.0,3.0
17.15458829229034,0.0,0.0,0.0,3.0,3.0
13.70432548048421,0.0,0.0,0.0,3.0,3.0
13.442889942541491,0.0,0.0,0.0,3.0,3.0
13.442889942541491,0.0,0.0,0.0,3.0,3.0
13.442889942541491,0.0,0.0,0.0,2.375,2.375
13.442889942541491,0.0,0.0,0.0,2.0,2.0
13.442889942541491,0.0,0.0,0.0,2.0,2.0
18.106493274931292,0.09051696147070884,68.5290089182732,0.0,2.0,2.0
35.54530902443925,0.0,67.06764506981912,0.0,2.0,2.0
82.6740991467655,0.0,86.03570949406377,0.0,2.0,2.0
74.21670290839647,0.0,88.21892522381191,0.0,2.625,2.625
72.28260950180305,0.0,90.46353844689133,0.0,3.0,3.0
74.21670290839647,0.0,101.08449548573931,0.0,3.0,3.0
75.21995504444162,0.0,100.94972601727945,0.0,3.0,3.0
75.82844741389097,0.0,108.07484959878913,0.0,3.0,3.0
72.28260950180305,0.0,107.1476142034769,0.0,3.0,3.0
72.28260950180305,0.0,106.671607068015,0.0,3.625,3.625
75.18374961169317,0.0,106.4663749586887,0.0,4.0,4.0
53.593439388791985,0.0,86.88944613113145,0.0,4.0,4.0
28.212773377037927,0.0,68.83354755070724,0.0,4.0,4.0
27.369037074706995,0.0,66.98559699676763,0.0,4.0,4.0
23.92397220829688,0.0,65.40921550903234,0.0,4.0,4.0
22.634576603901273,0.0,64.1628786921827,0.0,2.75,2.75
18.98125106282732,0.0,0.0,0.0,2.0,2.0
17.15458829229034,0.0,0.0,0.0,2.0,2.0
13.70432548048421,0.0,0.0,0.0,2.0,2.0
13.442889942541491,0.0,0.0,0.0,2.0,2.0
13.442889942541491,0.0,0.0,0.0,2.0,2.0
13.442889942541491,0.0,0.0,0.0,1.375,1.375
13.442889942541491,0.0,0.0,0.0,1.0,1.0
13.442889942541491,0.0,0.0,0.037875,1.0,1.0
18.06160665669143,0.12911779253703845,59.48799974519867,0.2300625,1.0,1.0
36.249956610940785,0.0,60.68990368678169,0.431875,1.0,1.0
83.280472763079,0.0,89.32312892076203,0.5725625,1.0,1.0
74.24267938572663,0.0,95.02322149601815,0.6835625,1.625,1.625
72.28260950180305,0.0,103.60202637229608,0.758375,2.0,2.0
74.21670290839647,0.0,111.11102313055734,0.767875,2.0,2.0
75.21995504444162,0.0,109.8603507601303,0.7681875,2.0,2.0
75.82844741389097,0.0,119.12195102779005,0.76375,2.0,2.0
72.28260950180305,0.0,121.41158638551762,0.7545,2.0,2.0
72.28260950180305,0.0,123.67479692877056,0.7365625,3.25,3.25
75.30779881739616,0.0,124.14553911612524,0.7018125,4.0,4.0
54.14890575277676,0.0,99.47736168052512,0.615625,4.0,4.0
28.677501486460606,0.0,77.0809556174357,0.381,4.0,4.0
27.43208734295066,0.0,68.40057551027752,0.028375,4.0,4.0
23.92397220829688,0.0,65.8043996149827,0.0,4.0,4.0
22.634576603901273,0.0,63.09751926915289,0.0,2.125,2.125
18.98125106282732,0.0,0.0,0.0,1.0,1.0
17.15458829229034,0.0,0.0,0.0,1.0,1.0
13.70432548048421,0.0,0.0,0.0,1.0,1.0
10.350306470193523,0.0,0.0,0.0,1.0,1.0
10.350306470193523,0.0,0.0,0.0,1.0,1.0
10.350306470193523,0.0,0.0,0.0,1.0,1.0
10.350306470193523,0.0,0.0,0.0,1.0,1.0
10.350306470193523,0.0,0.0,0.0376875,1.0,1.0
18.074369023496843,0.17741015321936937,54.44320197910996,0.2311875,1.0,1.0
23.716038758274316,0.0,56.20136725152584,0.4423125,1.0,1.0
32.606407656198684,0.0,63.94428022113267,0.589125,1.0,1.0
34.567228341107224,0.0,69.83797133818366,0.7005,2.25,2.25
33.58480970103814,0.0,72.3123462285385,0.7604375,3.0,3.0
35.84125200873044,0.0,75.56248401316763,0.7679375,3.0,3.0
24.492573044144226,0.0,76.93334145145444,0.7681875,3.0,3.0
21.913781835353017,0.0,78.01041466993534,0.76375,3.0,3.0
20.302037329858514,0.0,77.81297588857866,0.7545,3.0,3.0
19.012641725462906,0.0,79.09089270141186,0.736375,3.625,3.625
19.36529728744054,0.0,78.59832553328808,0.7006875,4.0,4.0
14.95309964777217,0.0,68.42472894075009,0.61275,4.0,4.0
13.08346391263278,0.028486506253518503,42.31265578091219,0.375625,4.0,4.0
10.583676351262133,0.0,16.846984179049052,0.0279375,4.0,4.0
10.350306470193523,0.0,0.0,0.0,4.0,4.0
10.350306470193523,0.0,0.0,0.0,3.375,3.375
10.350306470193523,0.0,0.0,0.0,3.0,3.0
10.350306470193523,0.0,0.0,0.0,3.0,3.0
10.350306470193523,0.0,0.0,0.0,3.0,3.0
10.350306470193523,0.0,0.0,0.0,3.0,3.0
10.350306470193523,0.0,0.0,0.0,3.0,3.0
10.350306470193523,0.0,0.0,0.0,1.75,1.75
10.350306470193523,0.0,0.0,0.0,1.0,1.0
10.350306470193523,0.0,0.0,0.0253125,1.0,1.0
12.954144298329178,0.0,0.0,0.163875,1.0,1.0
12.999489832068047,0.11830451583969442,2.4536667202266518,0.3435,1.0,1.0
12.93793674329739,0.4692545142024896,39.27257686687261,0.4613125,1.0,1.0
12.933047904492726,0.0,44.24167347626071,0.541,2.875,2.875
12.933047904492726,0.024651759765923997,38.94585618241042,0.5795,4.0,4.0
12.933047904492726,0.09844630735246755,44.249614255747886,0.6905625,4.0,4.0
12.933047904492726,0.015092088078758326,47.20831219808548,0.743,4.0,4.0
12.933047904492726,0.18072852724270605,48.527869778376534,0.7620625,4.0,4.0
12.933047904492726,0.07717779649596283,49.52701687908985,0.7545,4.0,4.0
12.933047904492726,0.1308080477002482,50.67336373206833,0.7361875,3.375,3.375
12.933047904492726,0.24638106057363277,50.77182259674981,0.5788125,3.0,3.0
12.933047904492726,0.0,49.05232651254806,0.126875,3.0,3.0
10.491157482317666,0.021511921777749042,48.47513377738623,0.33,3.0,3.0
10.382402672576282,0.01712474961473011,29.513304929226855,0.0275,3.0,3.0
10.350306470193523,0.0,0.0,0.0,3.0,3.0
10.350306470193523,0.0,0.0,0.0,2.375,2.375
10.350306470193523,0.0,0.0,0.0,2.0,2.0
10.350306470193523,0.0,0.0,0.0,2.0,2.0
10.350306470193523,0.0,0.0,0.0,2.0,2.0
13.442889942541491,0.0,0.0,0.0,2.0,2.0
13.442889942541491,0.0,0.0,0.0,2.0,2.0
13.442889942541491,0.0,0.0,0.0,1.375,1.375
13.442889942541491,0.0,0.0,0.0,1.0,1.0
13.442889942541491,0.0,0.0,0.0234375,1.0,1.0
17.826668820120304,0.12185989582280989,68.05082293822011,0.1471875,1.0,1.0
35.236116194778944,0.0,67.89385654761726,0.2215625,1.0,1.0
82.62798333644837,0.0,92.85205831162133,0.0178125,1.0,1.0
74.21670290839647,0.0,94.08324002206918,0.0,2.25,2.25
72.28260950180305,0.0,101.86285878284264,0.1115625,3.0,3.0
74.21670290839647,0.0,124.28675017726817,0.44625,3.0,3.0
75.21995504444162,0.0,118.87127977437291,0.1635625,3.0,3.0
75.82844741389097,0.0,140.3898667022132,0.5055,3.0,3.0
72.28260950180305,0.0,126.89164793256766,0.042125,3.0,3.0
72.28260950180305,0.0,118.90370124880813,0.0,3.625,3.625
75.18374961169317,0.0,114.59375907340849,0.0,4.0,4.0
53.5165764021006,0.0,90.73018715618483,0.0808125,4.0,4.0
27.84471205190244,0.0,77.65905127583949,0.32325,4.0,4.0
27.137538263412747,0.0,69.42888125269793,0.0269375,4.0,4.0
23.92397220829688,0.0,66.63003275894138,0.0,4.0,4.0
22.634576603901273,0.0,65.26191983369245,0.0,3.375,3.375
18.98125106282732,0.0,0.0,0.0,3.0,3.0
17.15458829229034,0.0,0.0,0.0,3.0,3.0
13.70432548048421,0.0,0.0,0.0,3.0,3.0
13.442889942541491,0.0,0.0,0.0,3.0,3.0
13.442889942541491,0.0,0.0,0.0,3.0,3.0
13.442889942541491,0.0,0.0,0.0,2.375,2.375
13.442889942541491,0.0,0.0,0.0,2.0,2.0
13.442889942541491,0.0,0.0,0.0305625,2.0,2.0
18.086787689377907,0.2094835002860856,55.32643042630469,0.1948125,2.0,2.0
36.100975239846925,0.31999341169173195,55.875183972400066,0.3994375,2.0,2.0
83.00844655534183,0.009186385230784555,87.43265905292357,0.540375,2.0,2.0
74.21670290839647,0.0,92.95127027990459,0.65175,2.625,2.625
72.28260950180305,0.0,101.81132443146161,0.7360625,3.0,3.0
74.21670290839647,0.0,109.97526941320369,0.7661875,3.0,3.0
75.21995504444162,0.0,109.24350048561567,0.7681875,3.0,3.0
75.82844741389097,0.0,119.54280148751683,0.76375,3.0,3.0
72.28260950180305,0.0,123.25395188208209,0.7543125,3.0,3.0
72.28260950180305,0.0,126.58878261726595,0.73525,3.625,3.625
75.19381993875255,0.0,128.16684116119418,0.6978125,4.0,4.0
53.96007608454079,0.0,106.36945399482205,0.602875,4.0,4.0
28.567798717871202,0.0,80.24739400523235,0.3571875,4.0,4.0
27.447459279723045,0.0,69.71798177990492,0.0264375,4.0,4.0
23.92397220829688,0.0,67.22156535294444,0.0,4.0,4.0
22.634576603901273,0.0,65.67471467468766,0.0,2.125,2.125
18.98125106282732,0.0,0.0,0.0,1.0,1.0
17.15458829229034,0.0,0.0,0.0,1.0,1.0
13.70432548048421,0.0,0.0,0.0,1.0,1.0
13.442889942541491,0.0,0.0,0.0,1.0,1.0
13.442889942541491,0.0,0.0,0.0,1.0,1.0
13.442889942541491,0.0,0.0,0.0,1.625,1.625
13.442889942541491,0.0,0.0,0.0,2.0,2.0
13.442889942541491,0.0,0.0,0.013875,2.0,2.0
18.1048990283592,0.1063457775757388,60.69975390885845,0.1194375,2.0,2.0
35.85649148627724,0.0,61.86508931651608,0.3483125,2.0,2.0
82.779609678279,0.0,90.47120108133849,0.4799375,2.0,2.0
74.21670290839647,0.0,96.72507684503356,0.5798125,2.625,2.625
72.28260950180305,0.0,107.3283963014594,0.66375,3.0,3.0
74.21670290839647,0.0,117.6404301588846,0.7296875,3.0,3.0
75.21995504444162,0.0,120.74738825089311,0.7655625,3.0,3.0
75.82844741389097,0.0,132.14087792363117,0.76375,3.0,3.0
72.28260950180305,0.0,136.58379536298676,0.7543125,3.0,3.0
72.28260950180305,0.0,139.33859496050104,0.7350625,4.25,4.25
75.18374961169317,0.0,140.41196022932988,0.6966875,5.0,5.0
53.64410995642414,0.0,120.05849052225696,0.599625,5.0,5.0
28.370932953342265,0.0,88.22655511206666,0.3503125,5.0,5.0
27.442157009444156,0.0,73.95626307454123,0.025875,5.0,5.0
23.92397220829688,0.0,69.35939686081116,0.0,5.0,5.0
22.634576603901273,0.0,67.9929286173926,0.0,4.375,4.375
18.98125106282732,0.0,0.0,0.0,4.0,4.0
17.15458829229034,0.0,0.0,0.0,4.0,4.0
13.70432548048421,0.0,0.0,0.0,4.0,4.0
13.442889942541491,0.0,0.0,0.0,4.0,4.0
13.442889942541491,0.0,0.0,0.0,4.0,4.0
13.442889942541491,0.0,0.0,0.0,2.75,2.75
13.442889942541491,0.0,0.0,0.0,2.0,2.0
13.442889942541491,0.0,0.0,0.0264375,2.0,2.0
18.09959675808031,0.12196632565983874,59.296163475305775,0.174375,2.0,2.0
36.037367001053234,0.1506115069005221,59.46349170219498,0.3781875,2.0,2.0
82.98830722235485,0.0,93.86314575820722,0.5180625,2.0,2.0
74.21670290839647,0.0,98.39194076211074,0.6275,3.875,3.875
72.28260950180305,0.0,105.96158366494377,0.7150625,5.0,5.0
74.21670290839647,0.0,113.23468426772504,0.7645625,5.0,5.0
75.21995504444162,0.0,109.45613639749791,0.7681875,5.0,5.0
75.82844741389097,0.0,121.09595496470703,0.7635625,5.0,5.0
72.28260950180305,0.0,123.67936671615855,0.7535625,5.0,5.0
72.28260950180305,0.0,126.6141876993336,0.7348125,3.125,3.125
75.18374961169317,0.0,127.07695913915745,0.695375,2.0,2.0
53.78803029473714,0.0,101.88522336945073,0.5954375,2.0,2.0
28.508696644146823,0.0,78.22049496432011,0.342625,2.0,2.0
27.45806382028082,0.0,68.87841045831374,0.02525,2.0,2.0
23.92397220829688,0.0,66.21059208239566,0.0,2.0,2.0
22.634576603901273,0.0,64.03214266657787,0.0,1.375,1.375
18.98125106282732,0.0,0.0,0.0,1.0,1.0
17.15458829229034,0.0,0.0,0.0,1.0,1.0
13.70432548048421,0.0,0.0,0.0,1.0,1.0
13.442889942541491,0.0,0.0,0.0,1.0,1.0
13.442889942541491,0.0,0.0,0.0,1.0,1.0
13.442889942541491,0.0,0.0,0.0,1.0,1.0
13.442889942541491,0.0,0.0,0.0,1.0,1.0
13.442889942541491,0.0,0.0,0.0,1.0,1.0
18.17927148614857,0.12505122377941913,59.170695402596095,0.0,1.0,1.0
35.56659906794088,0.0,57.574031294494034,0.0,1.0,1.0
82.6740991467655,0.0,79.85857398472105,0.0,1.0,1.0
74.21670290839647,0.0,80.60583980619403,0.0,2.25,2.25
72.28260950180305,0.0,83.19386353597656,0.0,3.0,3.0
74.21670290839647,0.0,88.36061296351119,0.0,3.0,3.0
75.21995504444162,0.0,87.8470133561947,0.0,3.0,3.0
75.82844741389097,0.0,95.6040746114797,0.0,3.0,3.0
72.28260950180305,0.0,95.10778414355546,0.0,3.0,3.0
72.28260950180305,0.0,95.22559364021083,0.0,3.625,3.625
75.18374961169317,0.0,96.27686168603256,0.0,4.0,4.0
53.60787113206757,0.0,79.52753856449438,0.0,4.0,4.0
28.320234033636336,0.0,66.59758482888137,0.0,4.0,4.0
27.436986875195995,0.0,65.03319648324025,0.0,4.0,4.0
23.92397220829688,0.0,62.797843345755815,0.0,4.0,4.0
22.634576603901273,0.0,60.64363158889671,0.0,3.375,3.375
18.98125106282732,0.0,0.0,0.0,3.0,3.0
17.15458829229034,0.0,0.0,0.0,3.0,3.0
13.70432548048421,0.0,0.0,0.0,3.0,3.0
10.350306470193523,0.0,0.0,0.0,3.0,3.0
10.350306470193523,0.0,0.0,0.0,3.0,3.0
10.350306470193523,0.0,0.0,0.0,1.75,1.75
10.350306470193523,0.0,0.0,0.0,1.0,1.0
10.350306470193523,0.0,0.0,0.0135,1.0,1.0
17.981489092773156,0.15064571082203404,55.24046650728745,0.093,1.0,1.0
23.406934844248717,0.0,54.86569288359397,0.1605,1.0,1.0
32.305483763136024,0.0,56.60835035867268,0.0799375,1.0,1.0
34.55185640433484,0.0,59.266680595361954,0.3729375,3.5,3.5
33.58480970103814,0.0,62.096734439449186,0.5289375,5.0,5.0
35.84125200873044,0.0,66.45346943032192,0.50475,5.0,5.0
24.492573044144226,0.0,70.80150627590986,0.6310625,5.0,5.0
21.913781835353017,0.0,70.84428380078033,0.4328125,5.0,5.0
20.302037329858514,0.0,66.81561021511791,0.1368125,5.0,5.0
19.012641725462906,0.0,70.18071806397276,0.5251875,5.625,5.625
19.33499062656181,0.0,73.71618419077646,0.5854375,6.0,6.0
14.867141311086133,0.0,66.65018747480546,0.57925,6.0,6.0
12.977504341225067,0.026042962314732302,41.03653162759061,0.3250625,6.0,6.0
10.571820355925981,0.0,16.32756839154197,0.0238125,6.0,6.0
10.350306470193523,0.0,0.0,0.0,6.0,6.0
10.350306470193523,0.0,0.0,0.0,4.75,4.75
10.350306470193523,0.0,0.0,0.0,4.0,4.0
10.350306470193523,0.0,0.0,0.0,4.0,4.0
10.350306470193523,0.0,0.0,0.0,4.0,4.0
10.350306470193523,0.0,0.0,0.0,4.0,4.0
10.350306470193523,0.0,0.0,0.0,4.0,4.0
10.350306470193523,0.0,0.0,0.0,3.375,3.375
10.350306470193523,0.0,0.0,0.0,3.0,3.0
10.350306470193523,0.0,0.0,0.0,3.0,3.0
13.134080232505159,0.0,0.0,0.0,3.0,3.0
13.224313611124968,0.0,0.0,0.0,3.0,3.0
13.069118273050595,0.0,0.0,0.0,3.0,3.0
12.990538856721079,0.0,0.0,0.0,3.625,3.625
12.96768364797687,0.0,0.0,0.0,4.0,4.0
12.95925981552719,0.0,0.0,0.0,4.0,4.0
12.948127999173366,0.0,0.0,0.0,4.0,4.0
12.948128145965788,0.0,0.0,0.0,4.0,4.0
12.959673393793835,0.0,0.0,0.0,4.0,4.0
12.96824311059128,0.0,0.0,0.0,4.0,4.0
12.995192848991124,0.0,0.0,0.0,4.0,4.0
13.093175067786449,0.0,0.0,0.0,4.0,4.0
10.584137220869996,0.0,0.0,0.0,4.0,4.0
10.350306470193523,0.0,0.0,0.0,4.0,4.0
10.350306470193523,0.0,0.0,0.0,4.0,4.0
10.350306470193523,0.0,0.0,0.0,3.375,3.375
10.350306470193523,0.0,0.0,0.0,3.0,3.0
10.350306470193523,0.0,0.0,0.0,3.0,3.0
10.350306470193523,0.0,0.0,0.0,3.0,3.0
13.442889942541491,0.0,0.0,0.0,3.0,3.0
13.442889942541491,0.0,0.0,0.0,3.0,3.0
13.442889942541491,0.0,0.0,0.0,2.375,2.375
13.442889942541491,0.0,0.0,0.0,2.0,2.0
13.442889942541491,0.0,0.0,0.0,2.0,2.0
18.288450061361758,0.25223035330582416,48.31228548374017,0.0,2.0,2.0
36.247317909805794,2.6672892975313007,44.607573719826725,0.0,2.0,2.0
83.32672494836645,0.3089194141898506,62.30475960589221,0.0,2.0,2.0
74.35081781719758,0.08934498213045847,60.872978577191745,0.0,2.0,2.0
72.28260950180305,0.0,61.643875503878554,0.0,2.0,2.0
74.21670290839647,0.0,64.64195450247226,0.0,2.0,2.0
75.21995504444162,0.018427064653532943,64.08555821773984,0.0,2.0,2.0
75.82844741389097,0.0,68.53341187850307,0.0,2.0,2.0
72.28260950180305,0.0,68.26829080367048,0.0,2.0,2.0
72.28260950180305,0.0,69.38304046312098,0.0,2.625,2.625
75.39580055814372,0.0,72.06164620280867,0.0,3.0,3.0
53.99655748068376,0.0,65.23725502072143,0.0,3.0,3.0
29.007402333276676,0.0,55.14384904795413,0.0,3.0,3.0
27.55884270946519,0.0,52.474650143723586,0.0,3.0,3.0
23.92397220829688,0.0,50.051403788714914,0.0,3.0,3.0
22.634576603901273,0.0,47.647877646750935,0.0,3.0,3.0
18.98125106282732,0.0,0.0,0.0,3.0,3.0
17.15458829229034,0.0,0.0,0.0,3.0,3.0
13.70432548048421,0.0,0.0,0.0,3.0,3.0
13.442889942541491,0.0,0.0,0.0,3.0,3.0
13.442889942541491,0.0,0.0,0.0,3.0,3.0
13.442889942541491,0.0,0.0,0.0,3.625,3.625
13.442889942541491,0.0,0.0,0.0,4.0,4.0
13.442889942541491,0.0,0.0,0.004625,4.0,4.0
18.07517757011433,0.2937489763004728,46.344431051136084,0.02775,4.0,4.0
35.625280139710114,2.9727389856870903,42.58736547286226,0.0383125,4.0,4.0
82.59777433696789,0.19787986563703452,60.863309460506635,0.144,4.0,4.0
74.21670290839647,0.0,60.88696022129563,0.06375,2.75,2.75
72.28260950180305,0.0,64.01601258466478,0.207,2.0,2.0
74.21670290839647,0.0,68.68921091345125,0.0795,2.0,2.0
75.21995504444162,0.0,72.83722092962357,0.3148125,2.0,2.0
75.82844741389097,0.0,84.59266426521373,0.284,2.0,2.0
72.28260950180305,0.0,81.85483947202614,0.0924375,2.0,2.0
72.28260950180305,0.0,88.63361738085402,0.282,2.625,2.625
75.18374961169317,0.0,86.74351957133386,0.0235,3.0,3.0
53.64232924476285,0.0,75.35805984581,0.0,3.0,3.0
28.41426780767753,0.0,64.46435810015223,0.0,3.0,3.0
27.462156236740167,0.0,62.53967100270562,0.0,3.0,3.0
23.92397220829688,0.0,59.85985689069588,0.0,3.0,3.0
22.634576603901273,0.0,57.259106272259224,0.0,2.375,2.375
18.98125106282732,0.0,0.0,0.0,2.0,2.0
17.15458829229034,0.0,0.0,0.0,2.0,2.0
13.70432548048421,0.0,0.0,0.0,2.0,2.0
13.442889942541491,0.0,0.0,0.0,2.0,2.0
13.442889942541491,0.0,0.0,0.0,2.0,2.0
13.442889942541491,0.0,0.0,0.0,2.0,2.0
13.442889942541491,0.0,0.0,0.0,2.0,2.0
13.442889942541491,0.0,0.0,0.01175,2.0,2.0
18.153884073127198,0.31150977217301246,46.15403141617143,0.1404375,2.0,2.0
36.30172951703051,2.9943176996225715,46.08556271408866,0.3863125,2.0,2.0
83.280472763079,0.14229521830840744,68.9938252584833,0.5509375,2.0,2.0
74.22677257488996,0.0,74.35990858641152,0.6763125,2.625,2.625
72.28260950180305,0.0,80.927147899295,0.7588125,3.0,3.0
74.21670290839647,0.0,89.81389280867198,0.7686875,3.0,3.0
75.21995504444162,0.0,91.10480007592781,0.76825,3.0,3.0
75.82844741389097,0.0,102.025936632335,0.7635625,3.0,3.0
72.28260950180305,0.0,104.36522802608116,0.753,3.0,3.0
72.28260950180305,0.0,109.37424834510931,0.7314375,3.0,3.0
75.27175135244072,0.0,112.3233901703028,0.6875,3.0,3.0
54.14890575277676,0.0,92.14957158886965,0.5669375,3.0,3.0
28.74579681964872,0.0,72.4612113064607,0.2800625,3.0,3.0
27.539545523018873,0.0,66.42231125741623,0.020125,3.0,3.0
23.92397220829688,0.0,64.42783930578481,0.0,3.0,3.0
22.634576603901273,0.0,62.4391264088409,0.0,2.375,2.375
18.98125106282732,0.0,0.0,0.0,2.0,2.0
17.15458829229034,0.0,0.0,0.0,2.0,2.0
13.70432548048421,0.0,0.0,0.0,2.0,2.0
13.442889942541491,0.0,0.0,0.0,2.0,2.0
13.442889942541491,0.0,0.0,0.0,2.0,2.0
13.442889942541491,0.0,0.0,0.0,1.375,1.375
13.442889942541491,0.0,0.0,0.0,1.0,1.0
13.442889942541491,0.0,0.0,0.007625,1.0,1.0
18.108904302243136,0.2892195127786358,49.60134188017805,0.1055625,1.0,1.0
35.75062419549639,1.8267608205938903,49.75194485610368,0.329875,1.0,1.0
82.70591276843884,0.0853806629549839,75.15528594565903,0.4594375,1.0,1.0
74.21670290839647,0.0,81.13918945316259,0.5235625,2.25,2.25
72.28260950180305,0.0,91.01966852545046,0.6735,3.0,3.0
74.21670290839647,0.0,103.13228761767175,0.732625,3.0,3.0
75.21995504444162,0.0,105.1607781866575,0.56575,3.0,3.0
75.82844741389097,0.0,112.0797018626583,0.185,3.0,3.0
72.28260950180305,0.0,121.33588205975572,0.7051875,3.0,3.0
72.28260950180305,0.0,123.58488285934804,0.73125,3.0,3.0
75.18374961169317,0.0,122.9849097941348,0.686,3.0,3.0
53.60316686175411,0.0,96.89399826006662,0.5606875,3.0,3.0
28.39355331555186,0.0,74.32351331709158,0.2670625,3.0,3.0
27.468133486774317,0.0,67.20695588080854,0.0190625,3.0,3.0
23.92397220829688,0.0,64.5554067165887,0.0,3.0,3.0
22.634576603901273,0.0,62.437631068992715,0.0,1.125,1.125
18.98125106282732,0.0,0.0,0.0,0.0,0.0
17.15458829229034,0.0,0.0,0.0,0.0,0.0
13.70432548048421,0.0,0.0,0.0,0.0,0.0
13.442889942541491,0.0,0.0,0.0,0.0,0.0
13.442889942541491,0.0,0.0,0.0,0.0,0.0
13.442889942541491,0.0,0.0,0.0,1.25,1.25
13.442889942541491,0.0,0.0,0.0,2.0,2.0
13.442889942541491,0.0,0.0,0.00425,2.0,2.0
18.0827293127877,0.16132654159874327,56.949337669243356,0.0255,2.0,2.0
35.63276797721145,0.0,55.018329146916116,0.002125,2.0,2.0
82.6740991467655,0.0,74.3328654205578,0.0,2.0,2.0
74.21670290839647,0.0,75.46827546645903,0.0,3.25,3.25
72.28260950180305,0.0,78.40937094271496,0.0,4.0,4.0
74.21670290839647,0.0,83.70399262218695,0.0,4.0,4.0
75.21995504444162,0.0,84.91415438086142,0.089625,4.0,4.0
75.82844741389097,0.0,106.55150402769006,0.451875,4.0,4.0
72.28260950180305,0.0,116.84769900286535,0.49975,4.0,4.0
72.28260950180305,0.0,119.81680956535186,0.416625,3.375,3.375
75.18374961169317,0.0,109.84981443942623,0.1455625,3.0,3.0
53.5165764021006,0.0,94.94741563514646,0.45375,3.0,3.0
28.356477048108147,0.0,69.87210515678754,0.0378125,3.0,3.0
27.462156236740167,0.0,66.6037445298857,0.0,3.0,3.0
23.92397220829688,0.0,64.49664491653618,0.0,3.0,3.0
22.634576603901273,0.0,62.291925797720594,0.0,3.0,3.0
18.98125106282732,0.0,0.0,0.0,3.0,3.0
17.15458829229034,0.0,0.0,0.0,3.0,3.0
13.70432548048421,0.0,0.0,0.0,3.0,3.0
10.350306470193523,0.0,0.0,0.0,3.0,3.0
10.350306470193523,0.0,0.0,0.0,3.0,3.0
10.350306470193523,0.0,0.0,0.0,3.0,3.0
10.350306470193523,0.0,0.0,0.0,3.0,3.0
10.350306470193523,0.0,0.0,0.003625,3.0,3.0
18.192780957487674,0.1235823815501597,55.230295439001054,0.085125,3.0,3.0
23.631657898492183,0.0,55.533355534679814,0.3490625,3.0,3.0
32.35602587707957,0.0,59.76872852871467,0.5135,3.0,3.0
34.55185640433484,0.0,66.06645988227191,0.637625,2.375,2.375
33.58480970103814,0.0,70.52385458923611,0.7308125,2.0,2.0
35.84125200873044,0.0,75.16074673634175,0.7665625,2.0,2.0
24.492573044144226,0.0,76.48404422450844,0.7163125,2.0,2.0
21.913781835353017,0.0,74.31628921410059,0.555625,2.0,2.0
20.302037329858514,0.0,76.27123944595712,0.73475,2.0,2.0
19.012641725462906,0.0,78.59717098563029,0.7300625,2.625,2.625
19.33499062656181,0.0,78.3686553761583,0.683125,3.0,3.0
14.88995717736711,0.0,68.03506483486221,0.547625,3.0,3.0
13.070459339858989,0.018542235250664816,39.70012303173838,0.235875,3.0,3.0
10.604445416540996,0.0,16.806115897807384,0.0165,3.0,3.0
10.350306470193523,0.0,0.0,0.0,3.0,3.0
10.350306470193523,0.0,0.0,0.0,3.0,3.0
10.350306470193523,0.0,0.0,0.0,3.0,3.0
10.350306470193523,0.0,0.0,0.0,3.0,3.0
10.350306470193523,0.0,0.0,0.0,3.0,3.0
10.350306470193523,0.0,0.0,0.0,3.0,3.0
10.350306470193523,0.0,0.0,0.0,3.0,3.0
10.350306470193523,0.0,0.0,0.0,2.375,2.375
10.350306470193523,0.0,0.0,0.0,2.0,2.0
10.350306470193523,0.0,0.0,0.0055,2.0,2.0
13.072245989260091,0.0,0.0,0.095625,2.0,2.0
13.09267350695817,0.0,0.0,0.346625,2.0,2.0
12.954744175903114,0.41593927702550043,14.967880916244592,0.5115625,2.0,2.0
12.933047904492726,0.12023558248819463,37.918888404723496,0.63675,3.25,3.25
12.933047904492726,0.04469712127186036,23.076789827495098,0.73075,4.0,4.0
12.933047904492726,0.20900455349559133,30.94868940477646,0.7665625,4.0,4.0
12.933047904492726,0.03945495818575924,39.82543119046965,0.76825,4.0,4.0
12.933047904492726,0.023802925550433125,47.40362043301096,0.763375,4.0,4.0
12.933047904492726,0.04700039076281519,53.332520176761236,0.7520625,4.0,4.0
12.933047904492726,0.08107667495287829,40.80181042892301,0.729875,3.375,3.375
12.933607367107136,0.13768594966403785,49.33176392795028,0.6814375,3.0,3.0
12.9806084704906,0.17482577510460567,53.95674140613342,0.54025,3.0,3.0
10.523511810333725,0.0,40.049931655431905,0.2213125,3.0,3.0
10.363672105202898,0.0,11.887945548753391,0.0153125,3.0,3.0
10.350306470193523,0.0,0.0,0.0,3.0,3.0
10.350306470193523,0.0,0.0,0.0,3.0,3.0
10.350306470193523,0.0,0.0,0.0,3.0,3.0
10.350306470193523,0.0,0.0,0.0,3.0,3.0
10.350306470193523,0.0,0.0,0.0,3.0,3.0
13.442889942541491,0.0,0.0,0.0,3.0,3.0
13.442889942541491,0.0,0.0,0.0,3.0,3.0
13.442889942541491,0.0,0.0,0.0,1.75,1.75
13.442889942541491,0.0,0.0,0.0,1.0,1.0
13.442889942541491,0.0,0.0,0.000875,1.0,1.0
18.15661504748559,0.1388565086203586,59.7644493587388,0.0178125,1.0,1.0
35.513549471004275,0.0,58.48339843922078,0.069625,1.0,1.0
82.7186103348898,0.0,75.91221176975449,0.0799375,1.0,1.0
74.24691190787695,0.0,76.91612603066304,0.03425,1.625,1.625
72.28260950180305,0.0,81.50757064070116,0.1430625,2.0,2.0
74.21670290839647,0.0,91.37168717747674,0.1686875,2.0,2.0
75.21995504444162,0.0,92.34435390750038,0.1469375,2.0,2.0
75.82844741389097,0.0,97.09185717009842,0.011375,2.0,2.0
72.28260950180305,0.0,95.07156931529956,0.039,2.0,2.0
72.28260950180305,0.0,100.67663345086515,0.196875,3.875,3.875
75.18374961169317,0.0,102.60490415522585,0.1765,5.0,5.0
53.85174788748328,0.0,78.91677684621864,0.013625,5.0,5.0
28.969544867044267,0.0,62.35990041170472,0.0,5.0,5.0
27.57729774937083,0.0,58.79811696967282,0.0,5.0,5.0
23.92397220829688,0.0,57.30195291121379,0.0,5.0,5.0
22.634576603901273,0.0,57.20527372135133,0.0,1.875,1.875
18.98125106282732,0.0,0.0,0.0,0.0,0.0
17.15458829229034,0.0,0.0,0.0,0.0,0.0
13.70432548048421,0.0,0.0,0.0,0.0,0.0
13.442889942541491,0.0,0.0,0.0,0.0,0.0
13.442889942541491,0.0,0.0,0.0,0.0,0.0
13.442889942541491,0.0,0.0,0.0,1.875,1.875
13.442889942541491,0.0,0.0,0.0,3.0,3.0
13.442889942541491,0.0,0.0,0.0,3.0,3.0
18.288450061361758,0.14266757981869851,54.00756182315049,0.0,3.0,3.0
35.81402832511726,0.907641964913228,51.1763621423863,0.0,3.0,3.0
82.8315626329393,0.003771269815916336,69.61670538877527,0.0,3.0,3.0
74.21670290839647,0.0,69.71694755335386,0.0,4.875,4.875
72.28260950180305,0.0,71.49639299024224,0.0,6.0,6.0
74.21670290839647,0.0,75.8551827249834,0.0,6.0,6.0
75.21995504444162,0.0,75.26920830732107,0.0,6.0,6.0
75.82844741389097,0.0,82.4617441425355,0.0,6.0,6.0
72.28260950180305,0.0,83.0096564002015,0.0,6.0,6.0
72.28260950180305,0.0,85.00366608908347,0.0,5.375,5.375
75.18374961169317,0.0,88.03946494501287,0.0,5.0,5.0
53.68886696557697,0.0,75.41187878165553,0.0,5.0,5.0
29.512694272099445,0.0,64.83523102739366,0.0,5.0,5.0
27.57729774937083,0.0,61.76141202782362,0.0,5.0,5.0
23.92397220829688,0.0,58.39261895581786,0.0,5.0,5.0
22.634576603901273,0.0,55.36615555836174,0.0,3.125,3.125
18.98125106282732,0.0,0.0,0.0,2.0,2.0
17.15458829229034,0.0,0.0,0.0,2.0,2.0
13.70432548048421,0.0,0.0,0.0,2.0,2.0
13.442889942541491,0.0,0.0,0.0,2.0,2.0
13.442889942541491,0.0,0.0,0.0,2.0,2.0
13.442889942541491,0.0,0.0,0.0,2.625,2.625
13.442889942541491,0.0,0.0,0.0,3.0,3.0
13.442889942541491,0.0,0.0,0.0005,3.0,3.0
18.106218941812187,0.301685169433526,47.61327254854431,0.0384375,3.0,3.0
35.26880578310477,2.685082779579244,46.55495222503925,0.1965625,3.0,3.0
82.59777433696789,0.2102548813373181,67.8869186615099,0.2990625,3.0,3.0
74.21670290839647,0.0,72.9807168428887,0.2941875,3.625,3.625
72.28260950180305,0.0,73.75950766656597,0.023,4.0,4.0
74.21670290839647,0.0,79.68198353087806,0.099375,4.0,4.0
75.21995504444162,0.0,89.64627476684461,0.3975,4.0,4.0
75.82844741389097,0.0,93.07753496056209,0.033125,4.0,4.0
72.28260950180305,0.0,88.49359932132121,0.0,4.0,4.0
72.28260950180305,0.0,87.91906180706798,0.0,4.0,4.0
75.18374961169317,0.0,89.29946043507312,0.0,4.0,4.0
53.631139992474644,0.0,75.7055275101149,0.0,4.0,4.0
29.485011712240983,0.0,63.80105626190207,0.0,4.0,4.0
27.57729774937083,0.0,60.64404031083264,0.0,4.0,4.0
23.92397220829688,0.0,57.64807543714822,0.0,4.0,4.0
22.634576603901273,0.0,55.17859716398273,0.0,2.75,2.75
18.98125106282732,0.0,0.0,0.0,2.0,2.0
17.15458829229034,0.0,0.0,0.0,2.0,2.0
13.70432548048421,0.0,0.0,0.0,2.0,2.0
13.442889942541491,0.0,0.0,0.0,2.0,2.0
13.442889942541491,0.0,0.0,0.0,2.0,2.0
13.442889942541491,0.0,0.0,0.0,2.0,2.0
13.442889942541491,0.0,0.0,0.0,2.0,2.0
13.442889942541491,0.0,0.0,0.0,2.0,2.0
18.2177163238301,0.23160181798755958,46.28321371913346,0.04875,2.0,2.0
35.67228035433006,4.3677180222243726,44.719577811783694,0.2799375,2.0,2.0
82.779609678279,0.40915544191113357,67.9506171858972,0.464,2.0,2.0
74.21670290839647,0.043612116152206,74.1076486677466,0.5739375,2.625,2.625
72.28260950180305,0.0,85.81180439817533,0.63375,3.0,3.0
74.21670290839647,0.0,98.24334352512952,0.7550625,3.0,3.0
75.21995504444162,0.0,100.12282739388837,0.7679375,3.0,3.0
75.82844741389097,0.0,112.83150986989205,0.7631875,3.0,3.0
72.28260950180305,0.0,116.98782453454415,0.75075,3.0,3.0
72.28260950180305,0.0,119.87634026096381,0.7264375,3.0,3.0
75.18374961169317,0.0,118.68643006658934,0.5640625,3.0,3.0
53.53336028053292,0.0,83.42506511367837,0.07975,3.0,3.0
29.385236864735212,0.0,66.48071044211568,0.14625,3.0,3.0
27.57729774937083,0.0,61.95406592665506,0.0,3.0,3.0
23.92397220829688,0.0,58.40681418177377,0.0,3.0,3.0
22.634576603901273,0.0,55.748147688303845,0.0,1.125,1.125
18.98125106282732,0.0,0.0,0.0,0.0,0.0
17.15458829229034,0.0,0.0,0.0,0.0,0.0
13.70432548048421,0.0,0.0,0.0,0.0,0.0
13.442889942541491,0.0,0.0,0.0,0.0,0.0
13.442889942541491,0.0,0.0,0.0,0.0,0.0
13.442889942541491,0.0,0.0,0.0,1.875,1.875
13.442889942541491,0.0,0.0,0.0,3.0,3.0
13.442889942541491,0.0,0.0,0.0,3.0,3.0
18.2031398317014,0.13006044267554503,60.4472760541927,0.0429375,3.0,3.0
35.477108558807316,0.0,60.16800868131886,0.2394375,3.0,3.0
82.59777433696789,0.0,77.83208705872039,0.2850625,3.0,3.0
74.21670290839647,0.0,79.48603486755295,0.1245625,3.0,3.0
72.28260950180305,0.0,92.47646423420458,0.408,3.0,3.0
74.21670290839647,0.0,96.60068458341009,0.034,3.0,3.0
75.21995504444162,0.0,98.81839704771022,0.133125,3.0,3.0
75.82844741389097,0.0,120.60119219503547,0.5325,3.0,3.0
72.28260950180305,0.0,118.34030087312779,0.1818125,3.0,3.0
72.28260950180305,0.0,129.7755177812995,0.54975,4.875,4.875
75.18374961169317,0.0,120.90489248839047,0.154,6.0,6.0
53.52217102824471,0.0,105.728222614444,0.467625,6.0,6.0
29.256736770336865,0.0,75.45092810044537,0.1755625,6.0,6.0
27.57729774937083,0.0,68.01652677144313,0.0,6.0,6.0
23.92397220829688,0.0,66.29832990407319,0.0,6.0,6.0
22.634576603901273,0.0,64.87919158214767,0.0,2.875,2.875
18.98125106282732,0.0,0.0,0.0,1.0,1.0
17.15458829229034,0.0,0.0,0.0,1.0,1.0
13.70432548048421,0.0,0.0,0.0,1.0,1.0
10.350306470193523,0.0,0.0,0.0,1.0,1.0
10.350306470193523,0.0,0.0,0.0,1.0,1.0
10.350306470193523,0.0,0.0,0.0,2.875,2.875
10.350306470193523,0.0,0.0,0.0,4.0,4.0
10.350306470193523,0.0,0.0,0.0,4.0,4.0
18.20450501621988,0.12305137713840635,57.060481946215454,0.017625,4.0,4.0
23.46197090204229,0.0,55.60651353511684,0.0705,4.0,4.0
32.36609554357307,0.0,56.45599460299273,0.041875,4.0,4.0
34.55185640433484,0.0,58.54542228202779,0.186375,3.375,3.375
33.58480970103814,0.0,60.74787459279077,0.2295,3.0,3.0
35.84125200873044,0.0,64.97972204362378,0.2584375,3.0,3.0
24.492573044144226,0.0,67.77978542114981,0.2809375,3.0,3.0
21.913781835353017,0.0,68.79753774372178,0.2401875,3.0,3.0
20.302037329858514,0.0,64.86072810607706,0.0185625,3.0,3.0
19.012641725462906,0.0,65.13425727235636,0.064125,4.25,4.25
19.33499062656181,0.0,65.26178916708662,0.2565,5.0,5.0
14.8823677304918,0.0,64.11014091669259,0.0545625,5.0,5.0
13.172714880547804,0.0,0.0,0.13275,5.0,5.0
10.611742008136241,0.0,0.0,0.0,5.0,5.0
10.350306470193523,0.0,0.0,0.0,5.0,5.0
10.350306470193523,0.0,0.0,0.0,3.75,3.75
10.350306470193523,0.0,0.0,0.0,3.0,3.0
10.350306470193523,0.0,0.0,0.0,3.0,3.0
10.350306470193523,0.0,0.0,0.0,3.0,3.0
10.350306470193523,0.0,0.0,0.0,3.0,3.0
10.350306470193523,0.0,0.0,0.0,3.0,3.0
10.350306470193523,0.0,0.0,0.0,3.0,3.0
10.350306470193523,0.0,0.0,0.0,3.0,3.0
10.350306470193523,0.0,0.0,0.0,3.0,3.0
13.07579276071024,0.0,0.0,0.0459375,3.0,3.0
13.000032670224055,0.0,0.0,0.18375,3.0,3.0
12.934726182241643,0.0,0.0,0.11075,3.0,3.0
12.933047904492726,0.21191602363581935,2.375859966618082,0.5083125,4.25,4.25
12.933047904492726,0.3659149105152546,23.80415838995291,0.6809375,5.0,5.0
12.933047904492726,0.22012940892274854,44.492525597008104,0.7531875,5.0,5.0
12.933047904492726,0.15218914381201593,38.091608395294735,0.7490625,5.0,5.0
12.933047904492726,0.2979306583414662,45.62262537650635,0.761625,5.0,5.0
12.933047904492726,0.2518746165274911,52.20959139360077,0.7505625,5.0,5.0
12.933047904492726,0.07350869451829353,40.989852244792125,0.72475,5.0,5.0
12.933047904492726,0.12934404031966884,47.251228466748316,0.666375,5.0,5.0
12.955863770773705,0.08303948309956968,52.35051122275497,0.468125,5.0,5.0
10.58211123842869,0.0,27.92675029727352,0.038375,5.0,5.0
10.350306470193523,0.0,0.0,0.0,5.0,5.0
10.350306470193523,0.0,0.0,0.0,5.0,5.0
10.350306470193523,0.0,0.0,0.0,4.375,4.375
10.350306470193523,0.0,0.0,0.0,4.0,4.0
10.350306470193523,0.0,0.0,0.0,4.0,4.0
10.350306470193523,0.0,0.0,0.0,4.0,4.0
10.350306470193523,0.0,0.0,0.0,4.0,4.0
10.350306470193523,0.0,0.0,0.0,4.0,4.0
10.350306470193523,0.0,0.0,0.0,5.25,5.25
10.350306470193523,0.0,0.0,0.0,6.0,6.0
10.350306470193523,0.0,0.0,0.0,6.0,6.0
13.089720178478615,0.0,0.0,0.012375,6.0,6.0
13.008578999374897,0.0,0.0,0.0695625,6.0,6.0
12.942412150627835,0.0,0.0,0.084375,6.0,6.0
12.934726182241643,0.0,0.0,0.037625,4.125,4.125
12.933047904492726,0.0,0.0,0.158625,3.0,3.0
12.933047904492726,0.0,0.0,0.187875,3.0,3.0
12.933047904492726,0.0,0.0,0.2045625,3.0,3.0
12.933047904492726,0.0,0.0,0.218,3.0,3.0
12.933047904492726,0.0,0.0,0.2280625,3.0,3.0
12.933047904492726,0.0,0.0,0.1911875,3.0,3.0
12.933607367107136,0.0,0.0,0.07175,3.0,3.0
12.936404680179187,0.3590780502885681,26.909855140908647,0.228,3.0,3.0
10.53743997523631,0.0,0.0,0.019,3.0,3.0
10.350306470193523,0.0,0.0,0.0,3.0,3.0
10.350306470193523,0.0,0.0,0.0,3.0,3.0
10.350306470193523,0.0,0.0,0.0,1.125,1.125
10.350306470193523,0.0,0.0,0.0,0.0,0.0
10.350306470193523,0.0,0.0,0.0,0.0,0.0
10.350306470193523,0.0,0.0,0.0,0.0,0.0
13.442889942541491,0.0,0.0,0.0,0.0,0.0
13.442889942541491,0.0,0.0,0.0,0.0,0.0
13.442889942541491,0.0,0.0,0.0,0.0,0.0
13.442889942541491,0.0,0.0,0.0,0.0,0.0
13.442889942541491,0.0,0.0,0.0,0.0,0.0
18.336058690846233,0.39788286923798605,50.14902062569978,0.0,0.0,0.0
36.804030625943426,2.9120700529221866,47.8215145259944,0.0,0.0,0.0
84.08194324542266,0.6123259901532138,69.17415537060883,0.0,0.0,0.0
74.66414280961591,0.3754995680710127,68.61441980527204,0.0,1.25,1.25
72.3764457446302,0.021098207354307306,69.78669019995834,0.0,2.0,2.0
74.21670290839647,0.0,73.28284863172792,0.0,2.0,2.0
75.21995504444162,0.0,72.5944911174273,0.0,2.0,2.0
75.82844741389097,0.0,77.50938118562959,0.0,2.0,2.0
72.28260950180305,0.0,76.04294674824231,0.0,2.0,2.0
72.41672903456544,0.0,75.49548205706228,0.0,2.625,2.625
75.70912687169383,0.0,76.42690238295931,0.0,3.0,3.0
54.52071536973059,0.7774407595973344,63.203310008950545,0.0,3.0,3.0
30.01326306970861,0.0,52.65059184010496,0.0,3.0,3.0
27.57729774937083,0.0,50.821887581144445,0.0,3.0,3.0
23.92397220829688,0.0,49.194016666006064,0.0,3.0,3.0
22.634576603901273,0.0,47.96525157372245,0.0,3.0,3.0
18.98125106282732,0.0,0.0,0.0,3.0,3.0
17.15458829229034,0.0,0.0,0.0,3.0,3.0
13.70432548048421,0.0,0.0,0.0,3.0,3.0
13.442889942541491,0.0,0.0,0.0,3.0,3.0
13.442889942541491,0.0,0.0,0.0,3.0,3.0
13.442889942541491,0.0,0.0,0.0,3.0,3.0
13.442889942541491,0.0,0.0,0.0,3.0,3.0
13.442889942541491,0.0,0.0,0.0,3.0,3.0
18.082461631627663,0.42053943592930304,44.16689605549164,0.039,3.0,3.0
35.25625552776593,5.0188431759029895,42.18897876298878,0.156,3.0,3.0
82.80981867775947,0.3266384832074909,61.191231785515164,0.013,3.0,3.0
74.21670290839647,0.07044050433602933,60.42758529815941,0.0,3.625,3.625
72.28260950180305,0.0,62.06800142955493,0.0,4.0,4.0
74.21670290839647,0.0,66.1696811520816,0.0,4.0,4.0
75.21995504444162,0.0,67.84656987540457,0.0,4.0,4.0
75.82844741389097,0.0,73.19582816653458,0.0,4.0,4.0
72.28260950180305,0.0,74.18557514676824,0.0,4.0,4.0
72.28260950180305,0.0,77.37366312259714,0.1276875,2.75,2.75
75.18374961169317,0.0,99.80684213299946,0.51075,2.0,2.0
53.593439388791985,0.0,75.82461779659937,0.0425625,2.0,2.0
28.96080885422969,0.0,65.96768255237797,0.0,2.0,2.0
27.57729774937083,0.0,59.33556916804022,0.0,2.0,2.0
23.92397220829688,0.0,56.05166100383382,0.0,2.0,2.0
22.634576603901273,0.0,53.462349086498044,0.0,2.0,2.0
18.98125106282732,0.0,0.0,0.0,2.0,2.0
17.15458829229034,0.0,0.0,0.0,2.0,2.0
13.70432548048421,0.0,0.0,0.0,2.0,2.0
13.442889942541491,0.0,0.0,0.0,2.0,2.0
13.442889942541491,0.0,0.0,0.0,2.0,2.0
13.442889942541491,0.0,0.0,0.0,2.0,2.0
13.442889942541491,0.0,0.0,0.0,2.0,2.0
13.442889942541491,0.0,0.0,0.0,2.0,2.0
18.268066553116576,0.3041390910284656,44.803238069501546,0.025125,2.0,2.0
36.09196158857652,4.9798718843451475,42.85987611867918,0.192,2.0,2.0
82.76793538959265,0.7335519125009526,63.91787779174508,0.4304375,2.0,2.0
74.22677257488996,0.04397452465297283,66.541651483716,0.398,1.375,1.375
72.28260950180305,0.0,80.97836325982153,0.735875,1.0,1.0
74.21670290839647,0.0,94.51483249513326,0.7686875,1.0,1.0
75.21995504444162,0.0,94.52787548025354,0.7140625,1.0,1.0
75.82844741389097,0.0,102.04124945805664,0.5460625,1.0,1.0
72.28260950180305,0.0,108.81631914555705,0.6914375,1.0,1.0
72.28260950180305,0.0,107.71700833414735,0.5650625,3.5,3.5
75.18374961169317,0.0,111.63103887378695,0.6426875,5.0,5.0
53.709386596384455,0.0,87.82222190605341,0.4459375,5.0,5.0
29.89587532883788,0.0,67.42588898996769,0.033625,5.0,5.0
27.57729774937083,0.0,63.93494604567667,0.0,5.0,5.0
23.92397220829688,0.0,60.510483868122144,0.0,5.0,5.0
22.634576603901273,0.0,57.51832313043035,0.0,3.125,3.125
18.98125106282732,0.0,0.0,0.0,2.0,2.0
17.15458829229034,0.0,0.0,0.0,2.0,2.0
13.70432548048421,0.0,0.0,0.0,2.0,2.0
13.442889942541491,0.0,0.0,0.0,2.0,2.0
13.442889942541491,0.0,0.0,0.0,2.0,2.0
13.442889942541491,0.0,0.0,0.0,2.625,2.625
13.442889942541491,0.0,0.0,0.0,3.0,3.0
13.442889942541491,0.0,0.0,0.0,3.0,3.0
18.235603495069704,0.4670609280994138,44.197955956192175,0.03525,3.0,3.0
35.6883272708577,5.622531439901451,43.589733974939634,0.141,3.0,3.0
82.62798333644837,0.5787315458434303,65.5003324573091,0.0921875,3.0,3.0
74.21670290839647,0.20292655740011742,69.50675908093243,0.4179375,3.625,3.625
72.28260950180305,0.0,82.02440814626861,0.5529375,4.0,4.0
74.21670290839647,0.0,98.33558388731096,0.74175,4.0,4.0
75.21995504444162,0.0,103.0590122155555,0.7523125,4.0,4.0
75.82844741389097,0.0,114.96952717941875,0.5618125,4.0,4.0
72.28260950180305,0.0,108.18058097299753,0.1793125,4.0,4.0
72.28260950180305,0.0,121.48409889506296,0.67275,4.625,4.625
75.18374961169317,0.0,123.04485932153212,0.651875,5.0,5.0
53.55014415896523,0.0,95.93544913640686,0.43975,5.0,5.0
29.46433750518971,0.0,70.08917545270596,0.033125,5.0,5.0
27.57729774937083,0.0,66.06858298013564,0.0,5.0,5.0
23.92397220829688,0.0,63.54972998251107,0.0,5.0,5.0
22.634576603901273,0.0,59.629775294186885,0.0,3.75,3.75
18.98125106282732,0.0,0.0,0.0,3.0,3.0
17.15458829229034,0.0,0.0,0.0,3.0,3.0
13.70432548048421,0.0,0.0,0.0,3.0,3.0
10.350306470193523,0.0,0.0,0.0,3.0,3.0
10.350306470193523,0.0,0.0,0.0,3.0,3.0
10.350306470193523,0.0,0.0,0.0,2.375,2.375
10.350306470193523,0.0,0.0,0.0,2.0,2.0
10.350306470193523,0.0,0.0,0.0,2.0,2.0
18.107986365238485,0.6471419070110724,43.116948143664715,0.043125,2.0,2.0
23.37956280979401,0.496714655341625,42.97519881296531,0.1725,2.0,2.0
32.324212255406245,0.1917444892416861,44.93678480863136,0.014375,2.0,2.0
34.55185640433484,0.0,51.487739308326525,0.0,3.25,3.25
33.58480970103814,0.0,57.907314781552266,0.0,4.0,4.0
35.84125200873044,0.0,62.29250503506048,0.117375,4.0,4.0
24.492573044144226,0.0,72.8936694421172,0.4695,4.0,4.0
21.913781835353017,0.0,66.29510872097211,0.039125,4.0,4.0
20.302037329858514,0.0,64.48040205598333,0.0,4.0,4.0
19.012641725462906,0.0,62.249149408588565,0.0,4.0,4.0
19.33499062656181,0.0,59.18457485938408,0.0,4.0,4.0
14.873854862459059,0.0,56.05615378369068,0.0,4.0,4.0
13.159956822150988,0.0,0.0,0.0,4.0,4.0
10.611742008136241,0.0,0.0,0.0,4.0,4.0
10.350306470193523,0.0,0.0,0.0,4.0,4.0
10.350306470193523,0.0,0.0,0.0,3.375,3.375
10.350306470193523,0.0,0.0,0.0,3.0,3.0
10.350306470193523,0.0,0.0,0.0,3.0,3.0
10.350306470193523,0.0,0.0,0.0,3.0,3.0
10.350306470193523,0.0,0.0,0.0,3.0,3.0
10.350306470193523,0.0,0.0,0.0,3.0,3.0
10.350306470193523,0.0,0.0,0.0,2.375,2.375
10.350306470193523,0.0,0.0,0.0,2.0,2.0
10.350306470193523,0.0,0.0,0.0,2.0,2.0
13.086414734173275,0.0,0.0,0.026625,2.0,2.0
13.010418980718278,0.0,0.0,0.1543125,2.0,2.0
12.936169319871095,0.0,0.0,0.200125,2.0,2.0
12.933047904492726,0.0,0.0,0.0159375,2.0,2.0
12.933047904492726,0.0,0.0,0.0871875,2.0,2.0
12.933047904492726,0.0,0.0,0.48825,2.0,2.0
12.933047904492726,0.9230409431088682,30.494219761014772,0.6898125,2.0,2.0
12.933047904492726,0.21827667590562738,41.8009052650718,0.5983125,2.0,2.0
12.933047904492726,0.1518576878740002,33.986255494209935,0.71075,2.0,2.0
12.933047904492726,0.26860068175343377,29.823720919236024,0.4999375,4.5,4.5
12.933047904492726,0.0,0.0,0.1339375,6.0,6.0
12.93993952703178,0.3988635118220442,28.55055144810857,0.38475,6.0,6.0
10.558559603948707,0.0,4.788112061600791,0.0320625,6.0,6.0
10.350306470193523,0.0,0.0,0.0,6.0,6.0
10.350306470193523,0.0,0.0,0.0,6.0,6.0
10.350306470193523,0.0,0.0,0.0,4.75,4.75
10.350306470193523,0.0,0.0,0.0,4.0,4.0
10.350306470193523,0.0,0.0,0.0,4.0,4.0
10.350306470193523,0.0,0.0,0.0,4.0,4.0
13.442889942541491,0.0,0.0,0.0,4.0,4.0
13.442889942541491,0.0,0.0,0.0,4.0,4.0
13.442889942541491,0.0,0.0,0.0,3.375,3.375
13.442889942541491,0.0,0.0,0.0,3.0,3.0
13.442889942541491,0.0,0.0,0.0,3.0,3.0
18.275583821151226,1.1460657554906748,40.08866296486359,0.007875,3.0,3.0
35.94089439701063,11.732493809326476,35.654170678826205,0.0459375,3.0,3.0
82.93970106441026,1.2823700927376147,55.58351274981095,0.060375,3.0,3.0
74.38263143887092,0.9128756311890848,53.76149844403903,0.0280625,4.25,4.25
72.28260950180305,0.5424383679877302,54.77703932345507,0.119625,5.0,5.0
74.21670290839647,0.07619938373261358,58.150811577040734,0.11425,5.0,5.0
75.21995504444162,3.065835312637625,57.48582099761256,0.040375,5.0,5.0
75.82844741389097,0.0,63.88281030140835,0.1591875,5.0,5.0
72.28260950180305,0.0,66.86046330928127,0.1779375,5.0,5.0
72.28260950180305,0.0,70.14227371342639,0.1498125,4.375,4.375
75.4435209906537,0.0,73.32388306535857,0.0115625,4.0,4.0
54.13812458289688,0.0,67.19481634092725,0.0,4.0,4.0
29.746399026559356,0.0,56.603718975814225,0.0,4.0,4.0
27.57729774937083,0.0,53.44510273901003,0.0,4.0,4.0
23.92397220829688,0.0,49.92282746672602,0.0,4.0,4.0
22.634576603901273,0.0,46.554944191868394,0.0,3.375,3.375
18.98125106282732,0.0,0.0,0.0,3.0,3.0
17.15458829229034,0.0,0.0,0.0,3.0,3.0
13.70432548048421,0.0,0.0,0.0,3.0,3.0
13.442889942541491,0.0,0.0,0.0,3.0,3.0
13.442889942541491,0.0,0.0,0.0,3.0,3.0
13.442889942541491,0.0,0.0,0.0,3.0,3.0
13.442889942541491,0.0,0.0,0.0,3.0,3.0
13.442889942541491,0.0,0.0,0.0,3.0,3.0
18.250133285301416,0.9833733023757867,38.80320672877599,0.0395625,3.0,3.0
36.01828368328933,11.956383488969513,34.2998231335041,0.244125,3.0,3.0
82.94058678984484,1.4964550619278731,55.39234556459961,0.472,3.0,3.0
74.21670290839647,0.7849134600114385,60.18612816451319,0.6291875,3.0,3.0
72.28260950180305,0.08905250312477984,69.68248354142968,0.7333125,3.0,3.0
74.21670290839647,0.0,80.78774292947014,0.5969375,3.0,3.0
75.21995504444162,0.0,78.17602363039845,0.1889375,3.0,3.0
75.82844741389097,0.0,97.07947418851059,0.712875,3.0,3.0
72.28260950180305,0.0,102.34977594192252,0.7459375,3.0,3.0
72.28260950180305,0.0,106.11464109948228,0.7149375,4.875,4.875
75.19381993875255,0.0,106.6062817698039,0.6379375,6.0,6.0
53.99453419723607,0.0,85.86548629104435,0.4114375,6.0,6.0
29.927688950511207,0.0,66.61938994211275,0.0308125,6.0,6.0
27.57729774937083,0.0,63.8116313601371,0.0,6.0,6.0
23.92397220829688,0.0,61.92306342819262,0.0,6.0,6.0
22.634576603901273,0.0,59.68719915589281,0.0,5.375,5.375
18.98125106282732,0.0,0.0,0.0,5.0,5.0
17.15458829229034,0.0,0.0,0.0,5.0,5.0
13.70432548048421,0.0,0.0,0.0,5.0,5.0
13.442889942541491,0.0,0.0,0.0,5.0,5.0
13.442889942541491,0.0,0.0,0.0,5.0,5.0
13.442889942541491,0.0,0.0,0.0,5.625,5.625
13.442889942541491,0.0,0.0,0.0,6.0,6.0
13.442889942541491,0.0,0.0,0.0,6.0,6.0
18.2980232540357,0.6452825551549202,42.09523965985576,0.0223125,6.0,6.0
36.37522061472972,9.77289011539621,40.01644521526586,0.1700625,6.0,6.0
83.2293401655124,1.2122933674363259,59.83942313145822,0.4398125,6.0,6.0
74.21670290839647,0.7426913227707536,62.33495082274625,0.595625,4.75,4.75
72.28260950180305,0.045465751228714914,70.50659944486591,0.7093125,4.0,4.0
74.21670290839647,0.0,81.17815820411423,0.765,4.0,4.0
75.21995504444162,0.0,80.8616132243389,0.767875,4.0,4.0
75.82844741389097,0.0,93.35613847747555,0.7609375,4.0,4.0
72.28260950180305,0.0,96.4125907090873,0.74575,4.0,4.0
72.28260950180305,0.0,99.42001711981824,0.7138125,3.375,3.375
75.26168102538132,0.0,99.14597942059477,0.6343125,3.0,3.0
54.28560307405449,0.0,75.65291776103567,0.4030625,3.0,3.0
29.955373326333973,0.0,54.048195035273636,0.030125,3.0,3.0
27.57729774937083,0.0,50.38548566490725,0.0,3.0,3.0
23.92397220829688,0.0,47.43908442268892,0.0,3.0,3.0
22.634576603901273,0.012126569645981362,44.66892567884797,0.0,2.375,2.375
18.98125106282732,0.0,0.0,0.0,2.0,2.0
17.15458829229034,0.0,0.0,0.0,2.0,2.0
13.70432548048421,0.0,0.0,0.0,2.0,2.0
13.442889942541491,0.0,0.0,0.0,2.0,2.0
13.442889942541491,0.0,0.0,0.0,2.0,2.0
13.442889942541491,0.0,0.0,0.0,2.625,2.625
13.442889942541491,0.0,0.0,0.0,3.0,3.0
13.442889942541491,0.0,0.0,0.0,3.0,3.0
18.268066553116576,1.7763817098416088,38.71046084901841,0.0399375,3.0,3.0
36.177869594940965,13.772784958476858,34.30317005991053,0.24975,3.0,3.0
83.28470528522932,2.2035937326160413,56.29867180477035,0.495375,3.0,3.0
74.21670290839647,1.0726302410129638,60.208312308967116,0.6613125,3.0,3.0
72.28260950180305,0.09465083013565344,69.11862883251696,0.757125,3.0,3.0
74.21670290839647,0.0,80.83853997988616,0.6244375,3.0,3.0
75.21995504444162,0.0,76.24618356641571,0.191125,3.0,3.0
75.82844741389097,0.0,93.81178133859527,0.712875,3.0,3.0
72.28260950180305,0.0,97.95957037329038,0.7455625,3.0,3.0
72.28260950180305,0.0,101.5259706751041,0.7125,3.625,3.625
75.27175135244072,0.0,100.95063122420258,0.630125,4.0,4.0
54.29119770019861,0.0,79.67244853188261,0.395375,4.0,4.0
29.955373326333973,0.0,59.88907680620229,0.0295,4.0,4.0
27.57729774937083,0.0,54.758772204913065,0.0,4.0,4.0
23.92397220829688,0.0,49.993404621836866,0.0,4.0,4.0
22.634576603901273,0.0,45.70222133690561,0.0,3.375,3.375
18.98125106282732,0.0,0.0,0.0,3.0,3.0
17.15458829229034,0.0,0.0,0.0,3.0,3.0
13.70432548048421,0.0,0.0,0.0,3.0,3.0
13.442889942541491,0.0,0.0,0.0,3.0,3.0
13.442889942541491,0.0,0.0,0.0,3.0,3.0
13.442889942541491,0.0,0.0,0.0,3.625,3.625
13.442889942541491,0.0,0.0,0.0,4.0,4.0
13.442889942541491,0.0,0.0,0.0,4.0,4.0
18.25349006098788,1.2343798063755187,40.265189408511276,0.0316875,4.0,4.0
35.86072400842757,11.252704382446463,36.55649195137709,0.12675,4.0,4.0
82.66402948027202,1.304727368756962,57.08958295397041,0.0975625,4.0,4.0
74.21670290839647,0.8686846504384085,58.114137343750706,0.348,3.375,3.375
72.28260950180305,0.053357964201450156,61.548509765565925,0.029,3.0,3.0
74.21670290839647,0.0,68.61086691806,0.134625,3.0,3.0
75.21995504444162,0.0,77.52665351870236,0.5385,3.0,3.0
75.82844741389097,0.0,86.81763879810555,0.1853125,3.0,3.0
72.28260950180305,0.0,100.98837015888407,0.6969375,3.0,3.0
72.28260950180305,0.0,107.9327214612591,0.711125,5.5,5.5
75.18374961169317,0.0,107.00967933401081,0.6259375,7.0,7.0
53.709386596384455,0.0,83.52149297341839,0.3876875,7.0,7.0
29.85214585245178,0.0,63.278032502645,0.028875,7.0,7.0
27.57729774937083,0.0,57.946671335178465,0.0,7.0,7.0
23.92397220829688,0.0,53.339932469470334,0.0,7.0,7.0
22.634576603901273,0.0,49.337351169996204,0.0,3.875,3.875
18.98125106282732,0.0,0.0,0.0,2.0,2.0
17.15458829229034,0.0,0.0,0.0,2.0,2.0
13.70432548048421,0.0,0.0,0.0,2.0,2.0
10.350306470193523,0.0,0.0,0.0,2.0,2.0
10.350306470193523,0.0,0.0,0.0,2.0,2.0
10.350306470193523,0.0,0.0,0.0,1.375,1.375
10.350306470193523,0.0,0.0,0.0,1.0,1.0
10.350306470193523,0.0,0.0,0.0,1.0,1.0
18.304736805408627,0.9755231864919752,40.058190738116224,0.0136875,1.0,1.0
23.677823663633685,1.7478093976424638,36.68258280457992,0.1235625,1.0,1.0
32.33146024046619,1.2116875082487084,40.68939383706168,0.3743125,1.0,1.0
34.55185640433484,0.44930996227144626,44.2386897167196,0.4485625,0.375,0.375
33.58480970103814,0.0,50.065385240069055,0.35475,0.0,0.0
35.84125200873044,0.0,61.142362283422244,0.6074375,0.0,0.0
24.492573044144226,0.0,62.0317252096234,0.4295625,0.0,0.0
21.913781835353017,0.0,71.99079268692881,0.732875,0.0,0.0
20.302037329858514,0.0,73.48124751282856,0.682375,0.0,0.0
19.012641725462906,0.0,64.10487538085644,0.4191875,2.5,2.5
19.33499062656181,0.0,59.74568536632674,0.4315625,4.0,4.0
14.886981793128928,0.0,54.570936286251815,0.365875,4.0,4.0
13.2827728204839,0.0,0.0,0.02825,4.0,4.0
10.611742008136241,0.0,0.0,0.0,4.0,4.0
10.350306470193523,0.0,0.0,0.0,4.0,4.0
10.350306470193523,0.0,0.0,0.0,2.125,2.125
10.350306470193523,0.0,0.0,0.0,1.0,1.0
10.350306470193523,0.0,0.0,0.0,1.0,1.0
10.350306470193523,0.0,0.0,0.0,1.0,1.0
10.350306470193523,0.0,0.0,0.0,1.0,1.0
10.350306470193523,0.0,0.0,0.0,1.0,1.0
10.350306470193523,0.0,0.0,0.0,0.375,0.375
10.350306470193523,0.0,0.0,0.0,0.0,0.0
10.350306470193523,0.0,0.0,0.0,0.0,0.0
13.094333938455023,0.0,0.0,0.0223125,0.0,0.0
13.041243479536394,0.0,0.0,0.08925,0.0,0.0
12.941617584592066,0.0,0.0,0.0730625,0.0,0.0
12.933047904492726,0.0,0.0,0.2625,1.25,1.25
12.933047904492726,0.0,0.0,0.1145,2.0,2.0
12.933047904492726,0.3967150804789562,3.2730273728910486,0.5146875,2.0,2.0
12.933047904492726,0.5228990418088949,39.440824357333,0.71825,2.0,2.0
12.933047904492726,0.32473558068827957,35.97525497751578,0.4905625,2.0,2.0
12.933047904492726,0.1327497453473079,19.576596168121082,0.161,2.0,2.0
12.933047904492726,0.5183580269267821,27.81366468660651,0.4965,2.625,2.625
12.933047904492726,0.004955908593439745,4.9731636468699945,0.041375,3.0,3.0
12.946742113987773,0.0,0.0,0.0,3.0,3.0
10.546491535924263,0.0,0.0,0.0,3.0,3.0
10.350306470193523,0.0,0.0,0.0,3.0,3.0
10.350306470193523,0.0,0.0,0.0,3.0,3.0
10.350306470193523,0.0,0.0,0.0,2.375,2.375
10.350306470193523,0.0,0.0,0.0,2.0,2.0
10.350306470193523,0.0,0.0,0.0,2.0,2.0
10.350306470193523,0.0,0.0,0.0,2.0,2.0
13.442889942541491,0.0,0.0,0.0,2.0,2.0
13.442889942541491,0.0,0.0,0.0,2.0,2.0
13.442889942541491,0.0,0.0,0.0,2.0,2.0
13.442889942541491,0.0,0.0,0.0,2.0,2.0
13.442889942541491,0.0,0.0,0.0,2.0,2.0
18.25656610274596,1.1095420551145985,38.746890669887804,0.022875,2.0,2.0
36.07208282616892,12.336257870596889,33.80375563196902,0.156375,2.0,2.0
82.76370286744233,1.6018457169393296,53.96322192582637,0.336875,2.0,2.0
74.21670290839647,0.8845701625682031,57.23745327691702,0.4110625,2.625,2.625
72.28260950180305,0.2041789960356755,65.78842610642877,0.564,3.0,3.0
74.21670290839647,0.022579372733596757,77.02228384810171,0.4328125,3.0,3.0
75.21995504444162,0.0,77.2704379416583,0.1513125,3.0,3.0
75.82844741389097,0.0,93.81950513154311,0.6135,3.0,3.0
72.28260950180305,0.0,103.21645852424415,0.7335625,3.0,3.0
72.28260950180305,0.0,109.90732556752785,0.701125,3.625,3.625
75.18374961169317,0.0,107.86035021819932,0.6123125,4.0,4.0
53.645571735750224,0.0,83.6699805368409,0.362375,4.0,4.0
29.69327486343502,0.0,62.31359858116862,0.0268125,4.0,4.0
27.57729774937083,0.0,56.01145721488151,0.0,4.0,4.0
23.92397220829688,0.0,51.08152754477178,0.0,4.0,4.0
22.634576603901273,0.0,46.84523268194344,0.0,1.5,1.5
18.98125106282732,0.0,0.0,0.0,0.0,0.0
17.15458829229034,0.0,0.0,0.0,0.0,0.0
13.70432548048421,0.0,0.0,0.0,0.0,0.0
13.442889942541491,0.0,0.0,0.0,0.0,0.0
13.442889942541491,0.0,0.0,0.0,0.0,0.0
13.442889942541491,0.0,0.0,0.0,0.0,0.0
13.442889942541491,0.0,0.0,0.0,0.0,0.0
13.442889942541491,0.0,0.0,0.0,0.0,0.0
18.301380029722164,1.3654198759302203,40.97835938623803,0.015375,0.0,0.0
36.45331194185813,12.220893796408106,36.910929560763634,0.1370625,0.0,0.0
82.8467505470177,1.7521760117308234,57.85318170752412,0.4129375,0.0,0.0
74.21670290839647,0.8977841090287819,62.72823870383862,0.577375,0.625,0.625
72.28260950180305,0.011031791764757146,74.65293488737346,0.699125,1.0,1.0
74.21670290839647,0.0,88.07986100151277,0.69675,1.0,1.0
75.21995504444162,0.0,85.98287634768161,0.4976875,1.0,1.0
75.82844741389097,0.0,102.23665790498697,0.6848125,1.0,1.0
72.28260950180305,0.0,101.01467821765381,0.5330625,1.0,1.0
72.28260950180305,0.0,109.00778250807912,0.6714375,1.625,1.625
75.21396059287135,0.0,106.11334273845567,0.54075,2.0,2.0
53.99453419723607,0.0,82.53772732228593,0.3475625,2.0,2.0
29.927688950511207,0.0,62.284854861861774,0.0260625,2.0,2.0
27.57729774937083,0.0,57.038789427100575,0.0,2.0,2.0
23.92397220829688,0.0,52.64387666145741,0.0,2.0,2.0
22.634576603901273,0.0,49.009325743767484,0.0,2.0,2.0
18.98125106282732,0.0,0.0,0.0,2.0,2.0
17.15458829229034,0.0,0.0,0.0,2.0,2.0
13.70432548048421,0.0,0.0,0.0,2.0,2.0
13.442889942541491,0.0,0.0,0.0,2.0,2.0
13.442889942541491,0.0,0.0,0.0,2.0,2.0
13.442889942541491,0.0,0.0,0.0,2.0,2.0
13.442889942541491,0.0,0.0,0.0,2.0,2.0
13.442889942541491,0.0,0.0,0.0,2.0,2.0
18.271142594874664,0.9941314819186096,41.52737545267117,0.0223125,2.0,2.0
36.18061075436571,10.759897314019478,38.75165111248036,0.15,2.0,2.0
83.00684193314898,1.2832643912064547,59.196161578539616,0.3359375,2.0,2.0
74.21670290839647,0.6947838870650922,63.46458977500603,0.453,0.75,0.75
72.28260950180305,0.006305353167943394,73.39297697200158,0.51375,0.0,0.0
74.21670290839647,0.0,88.59245182836055,0.6360625,0.0,0.0
75.21995504444162,0.0,94.58612249384392,0.650875,0.0,0.0
75.82844741389097,0.0,110.07382262925249,0.7445,0.0,0.0
72.28260950180305,0.0,118.28913716831697,0.7179375,0.0,0.0
72.28260950180305,0.0,119.73695871926392,0.7015,2.5,2.5
75.18374961169317,0.0,117.22080898074809,0.5269375,4.0,4.0
53.75179147038057,0.0,83.46898650985355,0.0401875,4.0,4.0
29.877587455717656,0.0,67.21590334566332,0.0,4.0,4.0
27.57729774937083,0.0,64.50927443245772,0.0,4.0,4.0
23.92397220829688,0.0,59.66554082328832,0.0,4.0,4.0
22.634576603901273,0.0,54.79149591529017,0.0,3.375,3.375
18.98125106282732,0.0,0.0,0.0,3.0,3.0
17.15458829229034,0.0,0.0,0.0,3.0,3.0
13.70432548048421,0.0,0.0,0.0,3.0,3.0
13.442889942541491,0.0,0.0,0.0,3.0,3.0
13.442889942541491,0.0,0.0,0.0,3.0,3.0
13.442889942541491,0.0,0.0,0.0,2.375,2.375
13.442889942541491,0.0,0.0,0.0,2.0,2.0
13.442889942541491,0.0,0.0,0.0,2.0,2.0
18.25656610274596,0.7729015709006792,43.10890690319945,0.0285,2.0,2.0
35.82759907259924,8.222158793025283,41.48864411862319,0.114,2.0,2.0
82.7419589122625,0.9757597791891148,62.33123441057308,0.108125,2.0,2.0
74.21670290839647,0.5834519119084695,68.59417190359777,0.5165625,2.0,2.0
72.28260950180305,0.0,83.67957437159718,0.521125,2.0,2.0
74.21670290839647,0.0,88.59896648145182,0.1846875,2.0,2.0
75.21995504444162,0.0,101.89394171948584,0.576,2.0,2.0
75.82844741389097,0.0,104.13671868294875,0.048,2.0,2.0
72.28260950180305,0.0,100.52353123039849,0.0,2.0,2.0
72.28260950180305,0.0,101.987230142597,0.1198125,3.25,3.25
75.18374961169317,0.0,114.77034564356458,0.5518125,4.0,4.0
53.619950740186425,0.0,88.36719769048605,0.3301875,4.0,4.0
29.69327486343502,0.0,67.90879475608092,0.0241875,4.0,4.0
27.57729774937083,0.0,62.38641927324589,0.0,4.0,4.0
23.92397220829688,0.0,57.953114811530575,0.0,4.0,4.0
22.634576603901273,0.0,54.3049000567608,0.0,3.375,3.375
18.98125106282732,0.0,0.0,0.0,3.0,3.0
17.15458829229034,0.0,0.0,0.0,3.0,3.0
13.70432548048421,0.0,0.0,0.0,3.0,3.0
13.442889942541491,0.0,0.0,0.0,3.0,3.0
13.442889942541491,0.0,0.0,0.0,3.0,3.0
13.442889942541491,0.0,0.0,0.0,3.0,3.0
13.442889942541491,0.0,0.0,0.0,3.0,3.0
13.442889942541491,0.0,0.0,0.0,3.0,3.0
18.295227946205998,0.6036074733340111,44.583436849913106,0.02025,3.0,3.0
36.224200125060825,5.420592471268891,43.66742316260295,0.1325625,3.0,3.0
82.82159442678127,0.6283046118725182,65.79768777292455,0.213,3.0,3.0
74.21670290839647,0.0969840368184723,67.67287462508706,0.0171875,2.375,2.375
72.28260950180305,0.0,72.2857917417987,0.1059375,2.0,2.0
74.21670290839647,0.0,89.19203900919,0.56775,2.0,2.0
75.21995504444162,0.0,99.51773374798735,0.7391875,2.0,2.0
75.82844741389097,0.0,112.16019018309017,0.5595,2.0,2.0
72.28260950180305,0.0,105.94626941530807,0.176125,2.0,2.0
72.28260950180305,0.0,118.97523841717823,0.6530625,5.125,5.125
75.18374961169317,0.0,118.76476438828733,0.5905,7.0,7.0
53.89514038519813,0.0,89.5302496212186,0.3186875,7.0,7.0
29.937758617004704,0.0,67.97298839936869,0.02325,7.0,7.0
27.57729774937083,0.0,65.34100205542812,0.0,7.0,7.0
23.92397220829688,0.0,63.659007165494806,0.0,7.0,7.0
22.634576603901273,0.0,61.299101488821684,0.0,3.875,3.875
18.98125106282732,0.0,0.0,0.0,2.0,2.0
17.15458829229034,0.0,0.0,0.0,2.0,2.0
13.70432548048421,0.0,0.0,0.0,2.0,2.0
10.350306470193523,0.0,0.0,0.0,2.0,2.0
10.350306470193523,0.0,0.0,0.0,2.0,2.0
10.350306470193523,0.0,0.0,0.0,1.375,1.375
10.350306470193523,0.0,0.0,0.0,1.0,1.0
10.350306470193523,0.0,0.0,0.0,1.0,1.0
18.24733858279314,0.12541326443567172,57.06922846714669,0.0211875,1.0,1.0
23.48246506052297,0.0,55.567212470936745,0.141375,1.0,1.0
32.29541409664253,0.0,57.17965286150027,0.2335625,1.0,1.0
34.55185640433484,0.0,58.38995514330639,0.018875,1.0,1.0
33.58480970103814,0.0,60.121548753056246,0.0,1.0,1.0
35.84125200873044,0.0,62.6869640809606,0.0,1.0,1.0
24.492573044144226,0.0,63.223183694328235,0.0,1.0,1.0
21.913781835353017,0.0,63.48454090478566,0.0,1.0,1.0
20.302037329858514,0.0,64.14443453470574,0.1333125,1.0,1.0
19.012641725462906,0.0,76.52032636283018,0.53325,1.625,1.625
19.33499062656181,0.0,66.2536448827226,0.11025,2.0,2.0
14.868819698929364,0.0,64.26972040800717,0.26325,2.0,2.0
13.245330559772592,0.0,0.0,0.0219375,2.0,2.0
10.611742008136241,0.0,0.0,0.0,2.0,2.0
10.350306470193523,0.0,0.0,0.0,2.0,2.0
10.350306470193523,0.0,0.0,0.0,2.625,2.625
10.350306470193523,0.0,0.0,0.0,3.0,3.0
10.350306470193523,0.0,0.0,0.0,3.0,3.0
10.350306470193523,0.0,0.0,0.0,3.0,3.0
10.350306470193523,0.0,0.0,0.0,3.0,3.0
10.350306470193523,0.0,0.0,0.0,3.0,3.0
10.350306470193523,0.0,0.0,0.0,1.125,1.125
10.350306470193523,0.0,0.0,0.0,0.0,0.0
10.350306470193523,0.0,0.0,0.0,0.0,0.0
13.114207085480093,0.0,0.0,0.0118125,0.0,0.0
13.068068487948297,0.0,0.0,0.0804375,0.0,0.0
12.942412150627835,0.0,0.0,0.1366875,0.0,0.0
12.934726182241643,0.0,0.0,0.0110625,1.25,1.25
12.933047904492726,0.0,0.0,0.0,2.0,2.0
12.933047904492726,0.0,0.0,0.078,2.0,2.0
12.933047904492726,0.59045790884459,26.56415390808449,0.3965625,2.0,2.0
12.933047904492726,0.1716991629092173,45.36924330079288,0.4544375,2.0,2.0
12.933047904492726,0.2056942930444012,52.84144223691055,0.3889375,2.0,2.0
12.933047904492726,0.0,6.32234109583043,0.0300625,2.0,2.0
12.936964142793599,0.0,0.0,0.0,2.0,2.0
12.982773836427368,0.0,0.0,0.0,2.0,2.0
10.57684062927475,0.0,0.0,0.0,2.0,2.0
10.350306470193523,0.0,0.0,0.0,2.0,2.0
10.350306470193523,0.0,0.0,0.0,2.0,2.0
10.350306470193523,0.0,0.0,0.0,5.125,5.125
10.350306470193523,0.0,0.0,0.0,7.0,7.0
10.350306470193523,0.0,0.0,0.0,7.0,7.0
10.350306470193523,0.0,0.0,0.0,7.0,7.0
13.442889942541491,0.0,0.0,0.0,7.0,7.0
13.442889942541491,0.0,0.0,0.0,7.0,7.0
13.442889942541491,0.0,0.0,0.0,2.625,2.625
13.442889942541491,0.0,0.0,0.0,0.0,0.0
13.442889942541491,0.0,0.0,0.0,0.0,0.0
18.336058690846233,0.45209611328724714,45.93908697298812,0.0,0.0,0.0
37.2660056559814,6.329241652011808,42.92837772692947,0.0,0.0,0.0
84.37923248162461,0.947643652541483,62.48436515172979,0.0,0.0,0.0
74.58621139592775,0.7751429335059347,61.420118149871485,0.0,1.875,1.875
72.28260950180305,0.34543510027456065,62.21476351506116,0.0,3.0,3.0
74.21670290839647,0.030444460037697355,65.51113052471842,0.0,3.0,3.0
75.21995504444162,1.7827952450001383,63.488019415198714,0.0,3.0,3.0
75.82844741389097,0.0,70.23926721933438,0.0,3.0,3.0
72.28260950180305,0.0,69.67064967558902,0.0,3.0,3.0
72.33879762087727,0.0,70.16006321975178,0.0,3.0,3.0
75.63119743970336,0.0,71.8912357295921,0.0,3.0,3.0
54.6719025439681,2.5789476529028055,59.59815731207737,0.0,3.0,3.0
30.04094744553138,0.0,48.3527149350539,0.0,3.0,3.0
27.57729774937083,0.0,45.70669666401301,0.0,3.0,3.0
23.92397220829688,0.042540130700086595,43.59015985342842,0.0,3.0,3.0
22.634576603901273,0.20199603934569493,42.455901214703935,0.0,1.125,1.125
18.98125106282732,0.0,0.0,0.0,0.0,0.0
17.15458829229034,0.0,0.0,0.0,0.0,0.0
13.70432548048421,0.0,0.0,0.0,0.0,0.0
13.442889942541491,0.0,0.0,0.0,0.0,0.0
13.442889942541491,0.0,0.0,0.0,0.0,0.0
13.442889942541491,0.0,0.0,0.0,1.25,1.25
13.442889942541491,0.0,0.0,0.0,2.0,2.0
13.442889942541491,0.0,0.0,0.0,2.0,2.0
18.336058690846233,0.7770206484822682,40.5633562337725,0.0,2.0,2.0
37.28446190652991,8.954135112671135,35.05750995457944,0.0,2.0,2.0
84.6026545131149,1.1752590041374524,55.02753422952489,0.0,2.0,2.0
74.71025861993306,0.9215964915961814,53.31035709861051,0.0,2.625,2.625
72.3764457446302,0.6273807106465611,53.265151110949624,0.0,3.0,3.0
74.21670290839647,0.34570316640270726,55.50027510103526,0.0,3.0,3.0
75.21995504444162,6.486096221881232,54.10663029374584,0.0,3.0,3.0
75.82844741389097,0.006006307337038379,58.36584287558862,0.0,3.0,3.0
72.28260950180305,0.0,57.40125717169308,0.0,3.0,3.0
72.41672903456544,0.0,58.36337380844416,0.0,2.375,2.375
75.75684862533562,0.0,60.98220302812967,0.0,2.0,2.0
55.10106901811793,5.257446700715188,53.10788895202141,0.0,2.0,2.0
30.084676921917477,0.0,41.81813062088336,0.0,2.0,2.0
27.57729774937083,0.0634891489769434,39.6497435045427,0.0,2.0,2.0
23.92397220829688,0.2845419021508624,37.53219388178498,0.0,2.0,2.0
22.634576603901273,0.5054247353574811,35.769106883772125,0.0,0.75,0.75
18.98125106282732,0.0,0.0,0.0,0.0,0.0
17.15458829229034,0.0,0.0,0.0,0.0,0.0
13.70432548048421,0.0,0.0,0.0,0.0,0.0
13.442889942541491,0.0,0.0,0.0,0.0,0.0
13.442889942541491,0.0,0.0,0.0,0.0,0.0
13.442889942541491,0.0,0.0,0.0,0.0,0.0
13.442889942541491,0.0,0.0,0.0,0.0,0.0
13.442889942541491,0.0,0.0,0.0,0.0,0.0
18.281735904667396,0.9567090653903956,37.93643819716317,0.0144375,0.0,0.0
36.150842374035214,10.227861334214902,32.06005608513848,0.05775,0.0,0.0
83.20618936805549,1.3455409230355981,51.59518599718859,0.0048125,0.0,0.0
74.22677257488996,0.9366385727961397,50.88902059961951,0.0924375,0.625,0.625
72.28260950180305,0.9431368765564455,55.4720900259593,0.36975,1.0,1.0
74.21670290839647,0.2313328107420739,59.63932186459504,0.0308125,1.0,1.0
75.21995504444162,0.4496065989535315,60.90403755992566,0.130125,1.0,1.0
75.82844741389097,0.3037791438158397,79.75843578691087,0.5205,1.0,1.0
72.28260950180305,0.05716873874668272,72.66679933212632,0.043375,1.0,1.0
72.28260950180305,0.0,71.04911921474893,0.0,2.25,2.25
75.24417157404949,0.0,73.04992696542574,0.0,3.0,3.0
54.011541695974486,0.0,66.23983806805776,0.0,3.0,3.0
29.984738968630914,0.0,53.74041397770715,0.0,3.0,3.0
27.57729774937083,0.0,49.93181495365468,0.0,3.0,3.0
23.92397220829688,0.0,45.98726941902812,0.0,3.0,3.0
22.634576603901273,0.0,42.22521094939557,0.0,3.625,3.625
18.98125106282732,0.0,0.0,0.0,4.0,4.0
17.15458829229034,0.0,0.0,0.0,4.0,4.0
13.70432548048421,0.0,0.0,0.0,4.0,4.0
13.442889942541491,0.0,0.0,0.0,4.0,4.0
13.442889942541491,0.0,0.0,0.0,4.0,4.0
13.442889942541491,0.0,0.0,0.0,4.0,4.0
13.442889942541491,0.0,0.0,0.0,4.0,4.0
13.442889942541491,0.0,0.0,0.0,4.0,4.0
18.336058690846233,1.3418901180234717,36.742207783142234,0.0084375,4.0,4.0
36.57678400672476,13.543421815549097,30.413254596717035,0.1089375,4.0,4.0
83.01851622183531,1.9426737948441894,52.45526794812329,0.3504375,4.0,4.0
74.45049120436789,1.176706492910449,52.53162114866237,0.2718125,4.0,4.0
72.28260950180305,0.6068983155592923,55.97943484686872,0.3964375,4.0,4.0
74.21670290839647,0.2960770743010362,72.91181719577034,0.738625,4.0,4.0
75.21995504444162,0.01864319318570779,76.83465064900507,0.76475,4.0,4.0
75.82844741389097,0.0013068375643360923,90.59452025086878,0.7084375,4.0,4.0
72.28260950180305,0.0,86.73645154535731,0.5115,4.0,4.0
72.28260950180305,0.0,88.90133729011853,0.5396875,5.25,5.25
75.26168102538132,0.0,92.48176740292978,0.5346875,6.0,6.0
55.8215193996621,0.0,74.48876018018382,0.221,6.0,6.0
30.156088958162037,0.0,59.471586036744206,0.01525,6.0,6.0
27.57729774937083,0.0,55.21832851551024,0.0,6.0,6.0
23.92397220829688,0.0,51.33431978830657,0.0,6.0,6.0
22.634576603901273,0.0,47.95808408656875,0.0,2.25,2.25
18.98125106282732,0.0,0.0,0.0,0.0,0.0
17.15458829229034,0.0,0.0,0.0,0.0,0.0
13.70432548048421,0.0,0.0,0.0,0.0,0.0
13.442889942541491,0.0,0.0,0.0,0.0,0.0
13.442889942541491,0.0,0.0,0.0,0.0,0.0
13.442889942541491,0.0,0.0,0.0,1.25,1.25
13.442889942541491,0.0,0.0,0.0,2.0,2.0
13.442889942541491,0.0,0.0,0.0,2.0,2.0
18.336058690846233,0.8838852546995483,40.603593753108434,0.009,2.0,2.0
36.815152881099515,7.958768502414634,37.053974604285436,0.1070625,2.0,2.0
84.24043738189978,1.3393370087207985,56.61810662472208,0.342375,2.0,2.0
74.45049120436789,0.9323732809052171,57.03642985452876,0.3799375,2.625,2.625
72.28260950180305,0.3925671836423261,66.72543674077859,0.7051875,3.0,3.0
74.21670290839647,0.0,80.00051652347427,0.764125,3.0,3.0
75.21995504444162,0.0,79.86540418443597,0.7645625,3.0,3.0
75.82844741389097,0.0,94.7601845915463,0.755125,3.0,3.0
72.28260950180305,0.0,98.39244569295964,0.7338125,3.0,3.0
72.28260950180305,0.0,99.72463464329527,0.6850625,4.25,4.25
75.41754385275766,0.0,95.19282545815166,0.539,5.0,5.0
55.98874463790478,0.5851877481428556,66.16237833897932,0.2094375,5.0,5.0
30.156088958162037,0.0,47.12429164116351,0.0,5.0,5.0
27.57729774937083,0.0,44.44017234753568,0.0,5.0,5.0
23.92397220829688,0.1810201969058562,42.29538747810799,0.0,5.0,5.0
22.634576603901273,0.537761281313151,41.13644187656279,0.0,2.5,2.5
18.98125106282732,0.0,0.0,0.0,1.0,1.0
17.15458829229034,0.0,0.0,0.0,1.0,1.0
13.70432548048421,0.0,0.0,0.0,1.0,1.0
10.350306470193523,0.0,0.0,0.0,1.0,1.0
10.350306470193523,0.0,0.0,0.0,1.0,1.0
10.350306470193523,0.0,0.0,0.0,3.5,3.5
10.350306470193523,0.0,0.0,0.0,5.0,5.0
10.350306470193523,0.0,0.0,0.0,5.0,5.0
18.326830565571978,1.2262894268318674,38.16480279441653,0.0088125,5.0,5.0
23.794914519469994,2.166549373543972,35.69309227701294,0.075375,5.0,5.0
32.40102608849147,0.9550035689300803,41.94867759686939,0.293375,5.0,5.0
34.55185640433484,0.4925186964031536,47.39903934754453,0.61075,6.25,6.25
33.58480970103814,0.0,51.51021736287515,0.3538125,7.0,7.0
35.84125200873044,0.0,53.99360393687564,0.129,7.0,7.0
24.492573044144226,0.0,60.773886831068225,0.4125,7.0,7.0
21.913781835353017,0.0,59.83481046363603,0.1553125,7.0,7.0
20.302037329858514,0.0,67.61053935504236,0.48375,7.0,7.0
19.012641725462906,0.0,62.27262253361572,0.15225,8.25,8.25
19.33499062656181,0.0,63.20101177273033,0.44775,9.0,9.0
15.08986107272591,0.0,60.523461716796035,0.0373125,9.0,9.0
13.322606911852002,0.0,0.0,0.0,9.0,9.0
10.611742008136241,0.0,0.0,0.0,9.0,9.0
10.350306470193523,0.0,0.0,0.0,9.0,9.0
10.350306470193523,0.0,0.0,0.0,7.75,7.75
10.350306470193523,0.0,0.0,0.0,7.0,7.0
10.350306470193523,0.0,0.0,0.0,7.0,7.0
10.350306470193523,0.0,0.0,0.0,7.0,7.0
10.350306470193523,0.0,0.0,0.0,7.0,7.0
10.350306470193523,0.0,0.0,0.0,7.0,7.0
10.350306470193523,0.0,0.0,0.0,2.625,2.625
10.350306470193523,0.0,0.0,0.0,0.0,0.0
10.350306470193523,0.0,0.0,0.0,0.0,0.0
13.134080232505159,0.0,0.0,0.001875,0.0,0.0
13.220099069757056,0.0,0.0,0.017625,0.0,0.0
12.980753272441563,0.0,0.0,0.0566875,0.0,0.0
12.942590441982595,0.0,0.0,0.0855,0.625,0.625
12.933047904492726,0.0,0.0,0.108125,1.0,1.0
12.933047904492726,0.0,0.0,0.1268125,1.0,1.0
12.933047904492726,0.0,0.0,0.1424375,1.0,1.0
12.933047904492726,0.0,0.0,0.1554375,1.0,1.0
12.933047904492726,0.0,0.0,0.134125,1.0,1.0
12.93584521756478,0.0,0.0,0.05125,2.25,2.25
12.939055815318632,0.0,0.0,0.1635,3.0,3.0
13.222857911649921,0.0,0.0,0.013625,3.0,3.0
10.611742008136241,0.0,0.0,0.0,3.0,3.0
10.350306470193523,0.0,0.0,0.0,3.0,3.0
10.350306470193523,0.0,0.0,0.0,3.0,3.0
10.350306470193523,0.0,0.0,0.0,2.375,2.375
10.350306470193523,0.0,0.0,0.0,2.0,2.0
10.350306470193523,0.0,0.0,0.0,2.0,2.0
10.350306470193523,0.0,0.0,0.0,2.0,2.0
13.442889942541491,0.0,0.0,0.0,2.0,2.0
13.442889942541491,0.0,0.0,0.0,2.0,2.0
13.442889942541491,0.0,0.0,0.0,2.625,2.625
13.442889942541491,0.0,0.0,0.0,3.0,3.0
13.442889942541491,0.0,0.0,0.0,3.0,3.0
18.336058690846233,2.575989952743545,29.452369974956977,0.0,3.0,3.0
37.57011368343676,19.514955475653643,21.334583926826134,0.0,3.0,3.0
88.32440347335401,4.7931445000359725,36.062660474687775,0.0,3.0,3.0
76.77499914723656,3.196863583233522,34.845933844748124,0.0,4.25,4.25
73.36356443392823,2.891790191431161,34.47281123434374,0.0,5.0,5.0
74.85605310194767,2.6656910171683768,36.52870302502508,0.0,5.0,5.0
75.84339842715617,12.321526181394514,35.85282585489435,0.0,5.0,5.0
76.38826355325887,2.668960968534852,39.67917124806591,0.0,5.0,5.0
73.00996143610182,1.58947854535688,38.21831493399166,0.0,5.0,5.0
73.47259734155615,1.2926596772878984,38.852596940891665,0.0,4.375,4.375
78.28027465971384,1.2660581172519996,41.706437881085655,0.0,4.0,4.0
57.17412332827097,11.400111304269641,33.899814501234275,0.0,4.0,4.0
30.156088958162037,2.55174880576595,23.869004574102394,0.0,4.0,4.0
27.57729774937083,1.8783226079366118,22.233663902556167,0.0,4.0,4.0
23.92397220829688,2.420838442040552,20.90265994048929,0.0,4.0,4.0
22.634576603901273,3.137442625107828,19.836062055325275,0.0,4.0,4.0
18.98125106282732,0.0,0.0,0.0,4.0,4.0
17.15458829229034,0.0,0.0,0.0,4.0,4.0
13.70432548048421,0.0,0.0,0.0,4.0,4.0
13.442889942541491,0.0,0.0,0.0,4.0,4.0
13.442889942541491,0.0,0.0,0.0,4.0,4.0
13.442889942541491,0.0,0.0,0.0,2.75,2.75
13.442889942541491,0.0,0.0,0.0,2.0,2.0
13.442889942541491,0.0,0.0,0.0,2.0,2.0
18.336058690846233,12.689488514398164,19.013288523239726,0.0076875,2.0,2.0
36.79924673082875,29.874826329924055,16.37711639926979,0.1066875,2.0,2.0
83.4938231463781,7.175001074286928,35.14684577053735,0.425,2.0,2.0
74.21670290839647,4.011258907098568,40.996204384960365,0.6148125,0.75,0.75
72.28260950180305,2.9600992870093767,44.82820495799834,0.4985625,0.0,0.0
74.21670290839647,1.9358256069840762,47.5007415921059,0.1816875,0.0,0.0
75.21995504444162,1.3649568618803023,55.298307885046334,0.57375,0.0,0.0
75.82844741389097,1.5237514037432267,56.73564390610407,0.1858125,0.0,0.0
72.28260950180305,1.8988463635748614,66.0224038705312,0.6819375,0.0,0.0
72.28260950180305,1.5131434432878448,67.32544932864785,0.6743125,3.125,3.125
75.33961243906948,1.0778675528406347,64.20560466416447,0.5115,5.0,5.0
56.10262619309029,3.0954381823650925,50.687757373316686,0.1719375,5.0,5.0
30.156088958162037,0.0,40.56894415740125,0.0,5.0,5.0
27.57729774937083,0.028817939944074163,36.428560613795554,0.0,5.0,5.0
23.92397220829688,0.4306375145079419,32.90895213490969,0.0,5.0,5.0
22.634576603901273,0.8002750787624647,29.414180579944965,0.0,3.125,3.125
18.98125106282732,0.0,0.0,0.0,2.0,2.0
17.15458829229034,0.0,0.0,0.0,2.0,2.0
13.70432548048421,0.0,0.0,0.0,2.0,2.0
13.442889942541491,0.0,0.0,0.0,2.0,2.0
13.442889942541491,0.0,0.0,0.0,2.0,2.0
13.442889942541491,0.0,0.0,0.0,2.0,2.0
13.442889942541491,0.0,0.0,0.0,2.0,2.0
13.442889942541491,0.0,0.0,0.0,2.0,2.0
18.336058690846233,5.8321533527085165,26.98756643772299,0.004125,2.0,2.0
36.84395665348951,22.628641908352122,19.866403798178723,0.0165,2.0,2.0
83.2010731021683,5.445707496393519,35.65553656910969,0.0638125,2.0,2.0
74.21670290839647,2.630158741002525,40.86439028667872,0.24975,4.5,4.5
72.28260950180305,1.5137855980548265,42.248085226410055,0.0208125,6.0,6.0
74.21670290839647,1.1545494093926656,45.54842184745184,0.10875,6.0,6.0
75.21995504444162,0.9918182637494971,50.11514468602678,0.435,6.0,6.0
75.82844741389097,0.7743558240821004,55.41080383705668,0.1650625,6.0,6.0
72.28260950180305,1.1321892689431772,63.13542265869124,0.51525,6.0,6.0
72.28260950180305,0.5538083571848119,60.85065017583769,0.1501875,6.625,6.625
75.21396059287135,0.49071824851124524,66.71103650572465,0.4299375,7.0,7.0
56.00548504643468,0.018090012679537904,61.11030924329546,0.0395,7.0,7.0
30.156088958162037,0.0,50.91077316892105,0.0,7.0,7.0
27.57729774937083,0.0,45.12510464469221,0.0,7.0,7.0
23.92397220829688,0.0,39.39807710303877,0.0,7.0,7.0
22.634576603901273,0.1316670814602767,34.07137533651866,0.0,4.5,4.5
18.98125106282732,0.0,0.0,0.0,3.0,3.0
17.15458829229034,0.0,0.0,0.0,3.0,3.0
13.70432548048421,0.0,0.0,0.0,3.0,3.0
13.442889942541491,0.0,0.0,0.0,3.0,3.0
13.442889942541491,0.0,0.0,0.0,3.0,3.0
13.442889942541491,0.0,0.0,0.0,2.375,2.375
13.442889942541491,0.0,0.0,0.0,2.0,2.0
13.442889942541491,0.0,0.0,0.0,2.0,2.0
18.336058690846233,4.052926781714405,28.19091920243139,0.00225,2.0,2.0
36.82095814911187,20.6877592483001,20.954967401758374,0.0421875,2.0,2.0
82.99253974450515,4.159425492389324,40.15980246914143,0.1865625,2.0,2.0
74.21670290839647,2.149037035960153,43.37997829764933,0.2233125,3.875,3.875
72.28260950180305,1.1166491318131302,44.98576872556019,0.099625,5.0,5.0
74.21670290839647,1.1255619496278526,52.85444791267901,0.4205625,5.0,5.0
75.21995504444162,0.30609410542829973,59.892061642689555,0.3985625,5.0,5.0
75.82844741389097,0.4069826072688594,61.40425267236223,0.1411875,5.0,5.0
72.28260950180305,0.6987777356063499,70.83970971990733,0.5625,5.0,5.0
72.28260950180305,0.4441641648458608,75.61311345822992,0.52275,5.625,5.625
75.26007838488617,0.10453138995148312,66.94592209971091,0.0405,6.0,6.0
56.01432216356615,0.0,62.681650466453746,0.0,6.0,6.0
30.156088958162037,0.0,53.63756676744481,0.0,6.0,6.0
27.57729774937083,0.0,48.98497066157383,0.0,6.0,6.0
23.92397220829688,0.0,44.58325530467413,0.0,6.0,6.0
22.634576603901273,0.0,40.51486537752428,0.0,5.375,5.375
18.98125106282732,0.0,0.0,0.0,5.0,5.0
17.15458829229034,0.0,0.0,0.0,5.0,5.0
13.70432548048421,0.0,0.0,0.0,5.0,5.0
13.442889942541491,0.0,0.0,0.0,5.0,5.0
13.442889942541491,0.0,0.0,0.0,5.0,5.0
13.442889942541491,0.0,0.0,0.0,4.375,4.375
13.442889942541491,0.0,0.0,0.0,4.0,4.0
13.442889942541491,0.0,0.0,0.0,4.0,4.0
18.336058690846233,2.0166467928735305,31.623218376922868,0.0013125,4.0,4.0
37.220055746562345,16.46417887879002,23.126485285830864,0.00525,4.0,4.0
83.52928808954557,2.8469241014965423,40.91966552126963,0.0004375,4.0,4.0
74.22677257488996,1.3885092286605285,42.71384675829444,0.0,5.25,5.25
72.28260950180305,0.778650599172023,46.06076058730912,0.1065,6.0,6.0
74.21670290839647,1.0642226662448886,54.76011617284802,0.426,6.0,6.0
75.21995504444162,0.07134051916119391,57.480455350878934,0.16825,6.0,6.0
75.82844741389097,0.581833303217568,71.2187260291388,0.531,6.0,6.0
72.28260950180305,0.16047892960493304,63.62978312086122,0.04425,6.0,6.0
72.28260950180305,0.008117142882926599,63.68778707191059,0.104625,7.25,7.25
75.18374961169317,0.07514359300762165,71.71493417417304,0.4185,8.0,8.0
55.915158834406,0.0,64.9834434800211,0.034875,8.0,8.0
30.156088958162037,0.0,55.636760977651484,0.0,8.0,8.0
27.57729774937083,0.0,50.86962527266558,0.0,8.0,8.0
23.92397220829688,0.0,46.58164368059169,0.0,8.0,8.0
22.634576603901273,0.0,42.50160173575447,0.0,6.125,6.125
18.98125106282732,0.0,0.0,0.0,5.0,5.0
17.15458829229034,0.0,0.0,0.0,5.0,5.0
13.70432548048421,0.0,0.0,0.0,5.0,5.0
10.350306470193523,0.0,0.0,0.0,5.0,5.0
10.350306470193523,0.0,0.0,0.0,5.0,5.0
10.350306470193523,0.0,0.0,0.0,3.125,3.125
10.350306470193523,0.0,0.0,0.0,2.0,2.0
10.350306470193523,0.0,0.0,0.0,2.0,2.0
18.336058690846233,1.7127291014097377,31.911921252101905,0.0,2.0,2.0
23.988496724730936,8.150600001995064,22.188063048611905,0.0148125,2.0,2.0
32.61822732222349,2.375440851874217,24.14697979857251,0.05925,2.0,2.0
34.63314239182316,1.6512479708918217,27.748392519043556,0.036625,1.375,1.375
33.58480970103814,0.8489043863549104,34.34879440646908,0.164625,1.0,1.0
35.84125200873044,0.1052043450478759,36.72734793672734,0.1620625,1.0,1.0
24.492573044144226,0.0,35.156319889352325,0.012625,1.0,1.0
21.913781835353017,0.0,35.306263679046786,0.051375,1.0,1.0
20.302037329858514,0.0,38.07751237506807,0.2625,1.0,1.0
19.012641725462906,0.0,39.6278230471433,0.245125,3.5,3.5
19.396309588866288,0.0,38.970409943504585,0.019,5.0,5.0
15.137589215676046,0.0,40.50545362679329,0.0,5.0,5.0
13.322606911852002,0.0,0.0,0.0,5.0,5.0
10.611742008136241,0.0,0.0,0.0,5.0,5.0
10.350306470193523,0.0,0.0,0.0,5.0,5.0
10.350306470193523,0.0,0.0,0.0,5.625,5.625
10.350306470193523,0.0,0.0,0.0,6.0,6.0
10.350306470193523,0.0,0.0,0.0,6.0,6.0
10.350306470193523,0.0,0.0,0.0,6.0,6.0
10.350306470193523,0.0,0.0,0.0,6.0,6.0
10.350306470193523,0.0,0.0,0.0,6.0,6.0
10.350306470193523,0.0,0.0,0.0,5.375,5.375
10.350306470193523,0.0,0.0,0.0,5.0,5.0
10.350306470193523,0.0,0.0,0.0,5.0,5.0
13.134080232505159,0.0,0.0,0.0,5.0,5.0
13.245759843508655,0.0,0.0,0.0290625,5.0,5.0
13.029844372942849,0.0,0.0,0.2240625,5.0,5.0
12.937377317381086,0.0,0.0,0.504125,3.75,3.75
12.933047904492726,0.0,0.0,0.4319375,3.0,3.0
12.933047904492726,0.0,0.0,0.680125,3.0,3.0
12.933047904492726,0.0,0.0,0.5331875,3.0,3.0
12.933047904492726,0.0,0.0,0.7305,3.0,3.0
12.933047904492726,0.0,0.0,0.7096875,3.0,3.0
12.933047904492726,0.0,0.0,0.6048125,3.0,3.0
12.95120999869229,0.0,0.0,0.444625,3.0,3.0
13.262010346363164,0.0,0.0,0.033875,3.0,3.0
10.611742008136241,0.0,0.0,0.0,3.0,3.0
10.350306470193523,0.0,0.0,0.0,3.0,3.0
10.350306470193523,0.0,0.0,0.0,3.0,3.0
10.350306470193523,0.0,0.0,0.0,2.375,2.375
10.350306470193523,0.0,0.0,0.0,2.0,2.0
10.350306470193523,0.0,0.0,0.0,2.0,2.0
10.350306470193523,0.0,0.0,0.0,2.0,2.0
10.350306470193523,0.0,0.0,0.0,2.0,2.0
10.350306470193523,0.0,0.0,0.0,2.0,2.0
10.350306470193523,0.0,0.0,0.0,2.0,2.0
10.350306470193523,0.0,0.0,0.0,2.0,2.0
10.350306470193523,0.0,0.0,0.0,2.0,2.0
13.134080232505159,0.0,0.0,0.0,2.0,2.0
13.228555567189005,0.0,0.0,0.042375,2.0,2.0
12.982828393904406,0.0,0.0,0.26775,2.0,2.0
12.934491042122179,0.0,0.0,0.5365,3.25,3.25
12.933047904492726,0.0,0.0,0.6935,4.0,4.0
12.933047904492726,0.0,0.0,0.7445625,4.0,4.0
12.933047904492726,1.0051490811812023,11.902437475274041,0.7026875,4.0,4.0
12.933047904492726,0.6091022050619073,20.627397228878014,0.6075625,4.0,4.0
12.933047904492726,0.0,0.0,0.0470625,4.0,4.0
12.933047904492726,0.0,0.0,0.100125,4.625,4.625
12.937936890089812,0.0,0.0,0.4005,5.0,5.0
13.17288309943549,0.0,0.0,0.033375,5.0,5.0
10.611742008136241,0.0,0.0,0.0,5.0,5.0
10.350306470193523,0.0,0.0,0.0,5.0,5.0
10.350306470193523,0.0,0.0,0.0,5.0,5.0
10.350306470193523,0.0,0.0,0.0,5.625,5.625
10.350306470193523,0.0,0.0,0.0,6.0,6.0
10.350306470193523,0.0,0.0,0.0,6.0,6.0
10.350306470193523,0.0,0.0,0.0,6.0,6.0
13.442889942541491,0.0,0.0,0.0,6.0,6.0
13.442889942541491,0.0,0.0,0.0,6.0,6.0
13.442889942541491,0.0,0.0,0.0,4.75,4.75
13.442889942541491,0.0,0.0,0.0,4.0,4.0
13.442889942541491,0.0,0.0,0.0,4.0,4.0
18.336058690846233,0.7380158274912212,33.77975501079994,0.0,4.0,4.0
36.79327558925341,10.640175990356079,21.291165271230724,0.0331875,4.0,4.0
83.0386555548223,2.344710618270891,43.683328451558864,0.13275,4.0,4.0
74.37256177237742,1.4816370565894121,44.46888373702871,0.0110625,3.375,3.375
72.28260950180305,0.9416580952398909,46.228297454708624,0.0,3.0,3.0
74.21670290839647,1.0303657727964894,50.723792592446266,0.0,3.0,3.0
75.21995504444162,0.6791767244174252,53.22055563124871,0.1130625,3.0,3.0
75.82844741389097,2.109097114825219,66.36332527608766,0.575625,3.0,3.0
72.28260950180305,2.1272779917257187,73.78711987470153,0.5311875,3.0,3.0
72.28260950180305,1.1059908704324,64.48406815968436,0.041125,5.5,5.5
75.33800979857433,0.44346622473983366,64.48444327178177,0.0,7.0,7.0
56.01432216356615,0.012355057833820562,60.99669105299062,0.0,7.0,7.0
30.156088958162037,0.0,52.541059184725725,0.0,7.0,7.0
27.57729774937083,0.0,47.265479549095325,0.0,7.0,7.0
23.92397220829688,0.0,42.91308707912755,0.0,7.0,7.0
22.634576603901273,0.0,39.49192452212815,0.0,4.5,4.5
18.98125106282732,0.0,0.0,0.0,3.0,3.0
17.15458829229034,0.0,0.0,0.0,3.0,3.0
13.70432548048421,0.0,0.0,0.0,3.0,3.0
13.442889942541491,0.0,0.0,0.0,3.0,3.0
13.442889942541491,0.0,0.0,0.0,3.0,3.0
13.442889942541491,0.0,0.0,0.0,3.0,3.0
13.442889942541491,0.0,0.0,0.0,3.0,3.0
13.442889942541491,0.0,0.0,0.0,3.0,3.0
18.336058690846233,0.3691333800542065,41.35026718545986,0.0,3.0,3.0
36.71773249119398,6.663836291051225,31.3761140135273,0.0545625,3.0,3.0
82.67570376895836,1.4873658782819705,50.24439413727673,0.21825,3.0,3.0
74.22677257488996,0.4410003979351878,49.14209992440531,0.0181875,4.875,4.875
72.28260950180305,0.08304440485986561,49.098368279204855,0.0,6.0,6.0
74.21670290839647,0.1759203281433729,51.60425897255652,0.0,6.0,6.0
75.21995504444162,0.9943934221510442,52.63838435810016,0.1408125,6.0,6.0
75.82844741389097,1.1538266257521903,66.60018372705517,0.56325,6.0,6.0
72.28260950180305,0.4709818671304575,58.815391153624105,0.0469375,6.0,6.0
72.28260950180305,0.1297691095707469,57.07859717415416,0.0,7.875,7.875
75.32210298773765,0.006585644776523622,58.00293508380238,0.0,9.0,9.0
56.156610717399765,2.472114872307643,52.005184313470835,0.0,9.0,9.0
30.156088958162037,0.0,42.40921586121932,0.0,9.0,9.0
27.57729774937083,0.003875458712454929,37.33026894697784,0.0,9.0,9.0
23.92397220829688,0.2851853074527226,33.7072342455812,0.0,9.0,9.0
22.634576603901273,0.6112647721526918,31.76998361267818,0.0,6.5,6.5
18.98125106282732,0.0,0.0,0.0,5.0,5.0
17.15458829229034,0.0,0.0,0.0,5.0,5.0
13.70432548048421,0.0,0.0,0.0,5.0,5.0
13.442889942541491,0.0,0.0,0.0,5.0,5.0
13.442889942541491,0.0,0.0,0.0,5.0,5.0
13.442889942541491,0.0,0.0,0.0,3.125,3.125
13.442889942541491,0.0,0.0,0.0,2.0,2.0
13.442889942541491,0.0,0.0,0.0,2.0,2.0
18.336058690846233,3.372865855460431,28.754278320271244,0.0,2.0,2.0
37.02171242629545,20.345880432815527,21.16980760302511,0.037875,2.0,2.0
83.75417506542892,4.440578001429761,39.73173646406341,0.1515,2.0,2.0
74.29463234038694,1.990281257075716,41.13136914550996,0.101125,4.5,4.5
72.28260950180305,1.8056484637166375,46.588288991842724,0.478125,6.0,6.0
74.21670290839647,1.1056049512152586,58.78845975295174,0.6679375,6.0,6.0
75.21995504444162,0.18968127157328551,66.6603217291612,0.7499375,6.0,6.0
75.82844741389097,0.4041387996242666,77.6728300613185,0.7466875,6.0,6.0
72.28260950180305,0.3506237604285289,79.26750771681807,0.71725,6.0,6.0
72.28260950180305,0.15633608420424572,81.35819652865652,0.6433125,6.0,6.0
75.5785283939141,0.007242153900268022,76.83274705974695,0.4206875,6.0,6.0
56.69601787752886,0.0,65.55644458087319,0.0315625,6.0,6.0
30.156088958162037,0.0,55.124404821218526,0.0,6.0,6.0
27.57729774937083,0.0,48.499480464632384,0.0,6.0,6.0
23.92397220829688,0.0,42.37252258042886,0.0,6.0,6.0
22.634576603901273,0.041578796066833096,37.99567426896215,0.0,2.875,2.875
18.98125106282732,0.0,0.0,0.0,1.0,1.0
17.15458829229034,0.0,0.0,0.0,1.0,1.0
13.70432548048421,0.0,0.0,0.0,1.0,1.0
13.442889942541491,0.0,0.0,0.0,1.0,1.0
13.442889942541491,0.0,0.0,0.0,1.0,1.0
13.442889942541491,0.0,0.0,0.0,2.25,2.25
13.442889942541491,0.0,0.0,0.0,3.0,3.0
13.442889942541491,0.0,0.0,0.0,3.0,3.0
18.336058690846233,2.2230680429188268,31.96631837845156,0.0,3.0,3.0
37.57011368343676,17.863667958132865,23.215297314116565,0.0,3.0,3.0
86.4576384776438,4.202783239426775,39.329365467205015,0.0,3.0,3.0
74.93398055224048,2.2159437821196417,38.787007751325284,0.0,3.625,3.625
72.45014265447034,1.5140303449921098,39.41203975202874,0.0,4.0,4.0
74.21670290839647,1.1148148706186878,42.00715910630236,0.0,4.0,4.0
75.21995504444162,11.307133507742671,42.39399752841158,0.0,4.0,4.0
75.82844741389097,0.8500130083158167,44.91463944486491,0.0,4.0,4.0
72.28260950180305,0.5775803225787095,43.45246351435467,0.0,4.0,4.0
72.52647406992693,0.572664876682893,43.728572024090056,0.0,2.75,2.75
76.04187906936559,0.6579366593536358,45.34531380979067,0.0,2.0,2.0
56.89278907857218,11.422553258329788,37.93184749307158,0.0,2.0,2.0
30.156088958162037,3.794563613022452,25.38117919790682,0.0,2.0,2.0
27.57729774937083,2.607168129959559,22.458585909975486,0.0,2.0,2.0
23.92397220829688,3.943742218923727,21.193721974126618,0.0,2.0,2.0
22.634576603901273,4.871645884154046,20.26476587109613,0.0,2.0,2.0
18.98125106282732,0.0,0.0,0.0,2.0,2.0
17.15458829229034,0.0,0.0,0.0,2.0,2.0
13.70432548048421,0.0,0.0,0.0,2.0,2.0
10.350306470193523,0.0,0.0,0.0,2.0,2.0
10.350306470193523,0.0,0.0,0.0,2.0,2.0
10.350306470193523,0.0,0.0,0.0,0.75,0.75
10.350306470193523,0.0,0.0,0.0,0.0,0.0
10.350306470193523,0.0,0.0,0.0,0.0,0.0
18.336058690846233,9.675272939072231,20.289948460143027,0.0,0.0,0.0
24.01230073681246,19.990888775253296,15.935724547216857,0.0285,0.0,0.0
33.174195592410605,9.319022249587938,18.39640137851962,0.2158125,0.0,0.0
34.71515896862549,5.449308780940471,26.05472191056108,0.554,2.5,2.5
33.58480970103814,2.6747766332592664,28.406425436284646,0.725625,4.0,4.0
35.84125200873044,0.8870996784712831,31.0954673075477,0.759,4.0,4.0
24.492573044144226,0.2432833181200722,31.210528081666975,0.7248125,4.0,4.0
21.913781835353017,0.00350251884281397,33.01880812795878,0.61225,4.0,4.0
20.302037329858514,0.021003985025499786,36.08722150085195,0.703625,4.0,4.0
19.02828142955038,0.0,34.79366948338279,0.6356875,4.0,4.0
19.49160109023541,0.0,33.16099658876698,0.405375,4.0,4.0
15.20425266244629,0.0,35.50943551685434,0.0303125,4.0,4.0
13.322606911852002,0.0,0.0,0.0,4.0,4.0
10.611742008136241,0.0,0.0,0.0,4.0,4.0
10.350306470193523,0.0,0.0,0.0,4.0,4.0
10.350306470193523,0.0,0.0,0.0,2.125,2.125
10.350306470193523,0.0,0.0,0.0,1.0,1.0
10.350306470193523,0.0,0.0,0.0,1.0,1.0
10.350306470193523,0.0,0.0,0.0,1.0,1.0
10.350306470193523,0.0,0.0,0.0,1.0,1.0
10.350306470193523,0.0,0.0,0.0,1.0,1.0
10.350306470193523,0.0,0.0,0.0,2.875,2.875
10.350306470193523,0.0,0.0,0.0,4.0,4.0
10.350306470193523,0.0,0.0,0.0,4.0,4.0
13.134080232505159,0.0,0.0,0.0,4.0,4.0
13.235536225311128,0.0,0.0,0.025125,4.0,4.0
12.98888529151027,0.0,0.0,0.146625,4.0,4.0
12.934491042122179,0.0,0.0,0.2553125,5.875,5.875
12.933047904492726,0.0,0.0,0.265125,7.0,7.0
12.933047904492726,0.0,0.0,0.0208125,7.0,7.0
12.933047904492726,0.0,0.0,0.0,7.0,7.0
12.933047904492726,0.0,0.0,0.1065,7.0,7.0
12.933047904492726,0.0,0.0,0.547125,7.0,7.0
12.933047904492726,0.0,0.0,0.6090625,6.375,6.375
12.937377427475402,0.0,0.0,0.396625,6.0,6.0
13.216565873924598,0.0,0.0,0.0296875,6.0,6.0
10.611742008136241,0.0,0.0,0.0,6.0,6.0
10.350306470193523,0.0,0.0,0.0,6.0,6.0
10.350306470193523,0.0,0.0,0.0,6.0,6.0
10.350306470193523,0.0,0.0,0.0,4.75,4.75
10.350306470193523,0.0,0.0,0.0,4.0,4.0
10.350306470193523,0.0,0.0,0.0,4.0,4.0
10.350306470193523,0.0,0.0,0.0,4.0,4.0
13.442889942541491,0.0,0.0,0.0,4.0,4.0
13.442889942541491,0.0,0.0,0.0,4.0,4.0
13.442889942541491,0.0,0.0,0.0,2.125,2.125
13.442889942541491,0.0,0.0,0.0,1.0,1.0
13.442889942541491,7.959099296488211,2.0397351214309163,0.0,1.0,1.0
18.336058690846233,45.74400950722843,10.121939115567878,0.0,1.0,1.0
37.04768956419151,63.08735892111855,8.65268861977512,0.0264375,1.0,1.0
83.70382673296147,25.008196954734288,18.20383585819998,0.2191875,1.0,1.0
74.21670290839647,11.19542519363676,26.69675524160085,0.5293125,2.875,2.875
72.28260950180305,7.727702110786772,28.735057314020246,0.3861875,4.0,4.0
74.21670290839647,5.928341284128494,32.20127964587699,0.34775,4.0,4.0
75.21995504444162,15.261022069408178,30.101381532234356,0.027125,4.0,4.0
75.82844741389097,4.6076364023689464,35.5554923694122,0.11475,4.0,4.0
72.28260950180305,4.189012959289731,38.85163687385585,0.459,4.0,4.0
72.28260950180305,3.1755247286790196,37.745359568318825,0.03825,3.375,3.375
75.40003440142581,3.154845168872049,37.19226111247904,0.0,3.0,3.0
56.58470996799398,14.797690813682893,26.22255314422,0.0,3.0,3.0
30.156088958162037,10.507137258507537,16.194709945964888,0.0,3.0,3.0
27.57729774937083,10.12101108470011,14.174336316557213,0.0,3.0,3.0
23.92397220829688,12.802185457866084,13.22266400475418,0.0,3.0,3.0
22.634576603901273,14.486930548692362,12.621329259627858,0.0,3.0,3.0
18.98125106282732,0.0,0.0,0.0,3.0,3.0
17.15458829229034,0.0,0.0,0.0,3.0,3.0
13.70432548048421,0.0,0.0,0.0,3.0,3.0
13.442889942541491,0.0,0.0,0.0,3.0,3.0
13.442889942541491,0.0,0.0,0.0,3.0,3.0
13.442889942541491,0.0,0.0,0.0,1.75,1.75
13.442889942541491,0.0,0.0,0.0,1.0,1.0
13.442889942541491,4.871862390094778,2.336660039312913,0.0,1.0,1.0
18.336058690846233,34.16634757617166,11.61510776433602,0.0,1.0,1.0
37.20588804998321,52.07480365894141,11.103357967991345,0.0255,1.0,1.0
85.23411882427209,21.047879557623357,21.953432498153138,0.1955625,1.0,1.0
74.82058617708253,9.25812544091736,28.188208870892353,0.510625,1.0,1.0
72.28260950180305,6.163992128368598,33.472063462589624,0.6851875,1.0,1.0
74.21670290839647,4.669778473841785,38.72116188629383,0.75475,1.0,1.0
75.21995504444162,10.256238464871117,39.258016903134624,0.7560625,1.0,1.0
75.82844741389097,3.496308681418207,48.62137156964184,0.742625,1.0,1.0
72.28260950180305,3.3567919680826113,48.75422752037771,0.7096875,1.0,1.0
72.43847232917938,3.0384129131102653,47.1886827150406,0.6225,2.25,2.25
76.28781141074464,2.6562420359359304,46.74241661747723,0.383,3.0,3.0
56.97824661060863,11.318530529645207,35.913918504420906,0.0285,3.0,3.0
30.156088958162037,3.2503226896058157,23.922283321224178,0.0,3.0,3.0
27.57729774937083,4.334264616723882,20.67921670101915,0.0,3.0,3.0
23.92397220829688,6.481229045082767,18.04113870462891,0.0,3.0,3.0
22.634576603901273,8.181334575647938,16.52374663924011,0.0,1.75,1.75
18.98125106282732,0.0,0.0,0.0,1.0,1.0
17.15458829229034,0.0,0.0,0.0,1.0,1.0
13.70432548048421,0.0,0.0,0.0,1.0,1.0
13.442889942541491,0.0,0.0,0.0,1.0,1.0
13.442889942541491,0.0,0.0,0.0,1.0,1.0
13.442889942541491,0.0,0.0,0.0,1.625,1.625
13.442889942541491,0.0,0.0,0.0,2.0,2.0
13.442889942541491,0.0,0.0,0.0,2.0,2.0
18.336058690846233,24.863908245115045,15.054621576282324,0.0,2.0,2.0
37.068658572677045,42.7668613758098,12.54904017316272,0.037875,2.0,2.0
84.63227630979425,14.662442369499326,26.15967841604599,0.2383125,2.0,2.0
74.45049120436789,6.874909868080126,31.9554350777778,0.479125,4.5,4.5
72.28260950180305,4.793998030758498,36.404185181554716,0.629125,6.0,6.0
74.21670290839647,3.9676463992173203,43.26788380262558,0.674625,6.0,6.0
75.21995504444162,2.892922150458709,46.62882034081245,0.7494375,6.0,6.0
75.82844741389097,3.0571011331212197,55.705208609368846,0.7415,6.0,6.0
72.28260950180305,2.8120986812263356,57.37035878721067,0.585125,6.0,6.0
72.28260950180305,1.9180044998170631,52.4659743012065,0.1283125,4.75,4.75
75.44775483393582,1.7970343243568092,55.34072013830235,0.33375,4.0,4.0
56.27003651864431,1.6333720995022791,48.569708260043434,0.0278125,4.0,4.0
30.156088958162037,0.0,38.47207226981008,0.0,4.0,4.0
27.57729774937083,0.08545583637290838,32.70957795765241,0.0,4.0,4.0
23.92397220829688,0.5159520533784252,27.97333848458878,0.0,4.0,4.0
22.634576603901273,0.9041019138290671,25.26679541057561,0.0,2.75,2.75
18.98125106282732,0.0,0.0,0.0,2.0,2.0
17.15458829229034,0.0,0.0,0.0,2.0,2.0
13.70432548048421,0.0,0.0,0.0,2.0,2.0
13.442889942541491,0.0,0.0,0.0,2.0,2.0
13.442889942541491,0.0,0.0,0.0,2.0,2.0
13.442889942541491,0.0,0.0,0.0,4.5,4.5
13.442889942541491,0.0,0.0,0.0,6.0,6.0
13.442889942541491,0.0,0.0,0.0,6.0,6.0
18.336058690846233,4.654224032966207,25.35299837892054,0.0,6.0,6.0
37.20058577970432,22.92487129204709,17.49215292408697,0.020625,6.0,6.0
85.14665987149989,4.800379355781812,35.27854246414666,0.1725,6.0,6.0
74.52842063635836,3.3039465401614856,40.371198913353915,0.423125,6.0,6.0
72.438468365784,2.4914924853077594,42.64308977281343,0.3973125,6.0,6.0
74.21670290839647,2.4821534546457262,53.32412222597875,0.7299375,6.0,6.0
75.21995504444162,1.097466298922511,59.35470832423814,0.7044375,6.0,6.0
75.82844741389097,1.3503205136707859,64.37222871311944,0.53875,6.0,6.0
72.28260950180305,1.3930211338982443,69.19589766619698,0.6891875,6.0,6.0
72.30858663969912,1.1322080295417145,70.1334062920618,0.6129375,6.625,6.625
76.17878114538028,0.6843423698576444,66.35413801660616,0.3660625,7.0,7.0
56.94748619302778,0.029414152201892287,59.46404913745378,0.027125,7.0,7.0
30.156088958162037,0.0,49.65459504862304,0.0,7.0,7.0
27.57729774937083,0.0,45.2415901669639,0.0,7.0,7.0
23.92397220829688,0.0,40.817284632876714,0.0,7.0,7.0
22.634576603901273,0.04759963249005159,37.06003807403928,0.0,5.125,5.125
18.98125106282732,0.0,0.0,0.0,4.0,4.0
17.15458829229034,0.0,0.0,0.0,4.0,4.0
13.70432548048421,0.0,0.0,0.0,4.0,4.0
13.442889942541491,0.0,0.0,0.0,4.0,4.0
13.442889942541491,0.0,0.0,0.0,4.0,4.0
13.442889942541491,0.0,0.0,0.0,2.75,2.75
13.442889942541491,0.0,0.0,0.0,2.0,2.0
13.442889942541491,0.0,0.0,0.0,2.0,2.0
18.336058690846233,1.5122685740039064,31.189893087696834,0.0,2.0,2.0
37.11910160043606,17.082298146583607,22.074184188174478,0.031125,2.0,2.0
84.63227630979425,3.629157969887349,41.07574218453874,0.1989375,2.0,2.0
74.4303518713809,2.276048761776295,43.072558997929335,0.3953125,3.875,3.875
72.28260950180305,1.9241856927399876,45.65029976346935,0.5005,5.0,5.0
74.21670290839647,1.5391775302351478,55.23369615903988,0.6785625,5.0,5.0
75.21995504444162,0.4272747764959225,61.54901943150694,0.7488125,5.0,5.0
75.82844741389097,0.7508450552658289,70.97417973521969,0.7393125,5.0,5.0
72.28260950180305,0.7014944904566702,69.13045170125986,0.58275,5.0,5.0
72.28260950180305,0.30836737304290635,58.782381340997134,0.1241875,3.75,3.75
75.72985747719119,0.22567486267144798,59.286117948025634,0.318,3.0,3.0
56.93210598423736,6.906810648080768,49.550311182765235,0.0265,3.0,3.0
30.156088958162037,0.0,38.87946327628045,0.0,3.0,3.0
27.57729774937083,0.3619477098196603,35.33076881276493,0.0,3.0,3.0
23.92397220829688,0.8881254408114692,32.001112099156664,0.0,3.0,3.0
22.634576603901273,1.1642622407304644,29.506799731870615,0.0,2.375,2.375
18.98125106282732,0.0,0.0,0.0,2.0,2.0
17.15458829229034,0.0,0.0,0.0,2.0,2.0
13.70432548048421,0.0,0.0,0.0,2.0,2.0
10.350306470193523,0.0,0.0,0.0,2.0,2.0
10.350306470193523,0.0,0.0,0.0,2.0,2.0
10.350306470193523,0.0,0.0,0.0,3.875,3.875
10.350306470193523,0.0,0.0,0.0,5.0,5.0
10.350306470193523,0.0,0.0,0.0,5.0,5.0
18.336058690846233,2.7022720468660393,29.35493463997792,0.0,5.0,5.0
24.06605444368239,9.305823715937336,20.76777180106672,0.0076875,5.0,5.0
33.11684417878343,3.2625813514337687,20.96821416983603,0.03075,5.0,5.0
34.904244276694236,2.248735074149025,22.211184894002294,0.0025625,3.75,3.75
33.668576277371784,1.4261434704752303,24.93202262861142,0.027375,3.0,3.0
35.84125200873044,0.8083462397812291,30.310074079652722,0.1411875,3.0,3.0
24.492573044144226,0.13125704738772218,30.121839257662128,0.1713125,3.0,3.0
21.913781835353017,0.0,32.11594781355407,0.1916875,3.0,3.0
20.302037329858514,0.0,33.721974648467146,0.2150625,3.0,3.0
19.012641725462906,0.0,33.42613925519069,0.2705625,3.625,3.625
19.392833684846966,0.0,32.02436801711301,0.313,4.0,4.0
15.195024839832755,0.0,34.45552945049626,0.0248125,4.0,4.0
13.322606911852002,0.0,0.0,0.0,4.0,4.0
10.611742008136241,0.0,0.0,0.0,4.0,4.0
10.350306470193523,0.0,0.0,0.0,4.0,4.0
10.350306470193523,0.0,0.0,0.0,2.75,2.75
10.350306470193523,0.0,0.0,0.0,2.0,2.0
10.350306470193523,0.0,0.0,0.0,2.0,2.0
10.350306470193523,0.0,0.0,0.0,2.0,2.0
10.350306470193523,0.0,0.0,0.0,2.0,2.0
10.350306470193523,0.0,0.0,0.0,2.0,2.0
10.350306470193523,0.0,0.0,0.0,3.875,3.875
10.350306470193523,0.0,0.0,0.0,5.0,5.0
10.350306470193523,0.0,0.0,0.0,5.0,5.0
13.134080232505159,0.0,0.0,0.0,5.0,5.0
13.282860617801866,0.0,0.0,0.021,5.0,5.0
13.110296047230063,0.0,0.0,0.170625,5.0,5.0
12.970564310322205,0.0,0.0,0.4748125,6.25,6.25
12.933047904492726,0.0,0.0,0.590625,7.0,7.0
12.933047904492726,0.0,0.0,0.488,7.0,7.0
12.933047904492726,0.0,0.0,0.730875,7.0,7.0
12.933047904492726,0.0,0.0,0.7371875,7.0,7.0
12.933047904492726,0.0,0.0,0.7,7.0,7.0
12.941706950458077,0.0,0.0,0.5974375,6.375,6.375
13.011847511890513,0.0,0.0,0.337625,6.0,6.0
13.296353406934296,0.0,0.0,0.0248125,6.0,6.0
10.611742008136241,0.0,0.0,0.0,6.0,6.0
10.350306470193523,0.0,0.0,0.0,6.0,6.0
10.350306470193523,0.0,0.0,0.0,6.0,6.0
10.350306470193523,0.0,0.0,0.0,4.125,4.125
10.350306470193523,0.0,0.0,0.0,3.0,3.0
10.350306470193523,0.0,0.0,0.0,3.0,3.0
10.350306470193523,0.0,0.0,0.0,3.0,3.0
13.442889942541491,0.0,0.0,0.0,3.0,3.0
13.442889942541491,0.0,0.0,0.0,3.0,3.0
13.442889942541491,0.0,0.0,0.0,1.75,1.75
13.442889942541491,0.0,0.0,0.0,1.0,1.0
13.442889942541491,12.162957528210747,1.8050254971857513,0.0,1.0,1.0
18.336058690846233,57.063691240689515,10.021819006851773,0.0,1.0,1.0
37.19051545264493,71.49208330882352,7.876464325332336,0.03225,1.0,1.0
84.37031976855057,32.38926870249063,15.262549126308945,0.129,1.0,1.0
74.33651562855376,20.145941952411082,17.664740252470654,0.1088125,2.25,2.25
72.28260950180305,10.438123502606965,25.142467042954085,0.39225,3.0,3.0
74.21670290839647,7.070109087531315,27.82444095055337,0.173875,3.0,3.0
75.21995504444162,16.145364184681977,30.073927045610898,0.56475,3.0,3.0
75.82844741389097,4.346019023302623,37.536733309097364,0.1801875,3.0,3.0
72.28260950180305,4.484607408191535,40.13818127061742,0.651375,3.0,3.0
72.28260950180305,4.309137679722149,41.863797094711785,0.591875,3.625,3.625
75.9645395887537,4.0118428094346985,43.32041690568077,0.327625,4.0,4.0
56.948888761726515,12.495388605370323,32.51086831798792,0.024,4.0,4.0
30.156088958162037,4.041552387502724,19.4590181044404,0.0,4.0,4.0
27.57729774937083,5.823531129741596,16.043444691989695,0.0,4.0,4.0
23.92397220829688,8.490534881798803,13.881656818810905,0.0,4.0,4.0
22.634576603901273,10.3635405314385,12.97327779175783,0.0,2.75,2.75
18.98125106282732,0.0,0.0,0.0,2.0,2.0
17.15458829229034,0.0,0.0,0.0,2.0,2.0
13.70432548048421,0.0,0.0,0.0,2.0,2.0
13.442889942541491,0.0,0.0,0.0,2.0,2.0
13.442889942541491,0.0,0.0,0.0,2.0,2.0
13.442889942541491,0.0,0.0,0.0,1.375,1.375
13.442889942541491,0.0,0.0,0.0,1.0,1.0
13.442889942541491,0.0,0.0,0.0,1.0,1.0
18.336058690846233,27.544991085370178,11.987443766004185,0.0,1.0,1.0
37.13840126341258,46.43529563142766,11.553084111887687,0.02025,1.0,1.0
84.31453433176074,17.237811635520156,22.668999984680575,0.081,1.0,1.0
74.49660701468504,9.065977364591344,24.921751094232572,0.0703125,2.25,2.25
72.28260950180305,5.0083127573822255,33.86969911875078,0.3331875,3.0,3.0
74.21670290839647,4.182038730043382,41.077904541564315,0.3369375,3.0,3.0
75.21995504444162,3.8146622299489588,42.18115455596398,0.129625,3.0,3.0
75.82844741389097,3.202465391090259,52.65653174617662,0.5285625,3.0,3.0
72.28260950180305,3.2502454628693576,56.77523766252888,0.4956875,3.0,3.0
72.31282048298122,2.265265448904481,53.20134579635753,0.0384375,4.25,4.25
75.70257759961711,1.6586354816374478,53.72380098520741,0.0,5.0,5.0
56.87511484430921,1.654784638575925,45.009100108586004,0.0,5.0,5.0
30.156088958162037,0.0,34.72363860370801,0.0,5.0,5.0
27.57729774937083,0.1416531648594846,28.42096895064849,0.0,5.0,5.0
23.92397220829688,0.8861367091190767,22.827960342167888,0.0,5.0,5.0
22.634576603901273,1.9239518865954321,19.77191119896775,0.0,4.375,4.375
18.98125106282732,0.0,0.0,0.0,4.0,4.0
17.15458829229034,0.0,0.0,0.0,4.0,4.0
13.70432548048421,0.0,0.0,0.0,4.0,4.0
13.442889942541491,0.0,0.0,0.0,4.0,4.0
13.442889942541491,0.0,0.0,0.0,4.0,4.0
13.442889942541491,0.0,0.0,0.0,2.75,2.75
13.442889942541491,0.0,0.0,0.0,2.0,2.0
13.442889942541491,0.0,0.0,0.0,2.0,2.0
18.336058690846233,17.99644062729702,16.925954522558204,0.0,2.0,2.0
37.12917374345976,37.18161287647289,13.413625925585498,0.0219375,2.0,2.0
84.03243845753006,13.1089326505892,25.82114853481927,0.08775,2.0,2.0
74.60635006834885,7.930847416831024,26.150400098291232,0.0073125,2.625,2.625
72.29851631263973,5.173034231099374,28.61314816395762,0.0,3.0,3.0
74.21670290839647,3.6533610314271723,34.300858393235906,0.0,3.0,3.0
75.21995504444162,12.052553852957045,36.739171894689754,0.1164375,3.0,3.0
75.82844741389097,3.3334211197308017,46.410182663203194,0.46575,3.0,3.0
72.28260950180305,2.1401083866622184,45.42424463765926,0.1561875,3.0,3.0
72.28260950180305,2.740113641148436,48.88253485116747,0.4695,2.375,2.375
75.72432089423104,1.924423454903863,49.835319130297115,0.039125,2.0,2.0
56.96567153921568,6.007344750250279,41.712661775097104,0.0,2.0,2.0
30.156088958162037,0.010043308760723449,30.95256992221823,0.0,2.0,2.0
27.57729774937083,0.38291690702387854,27.44590647481987,0.0,2.0,2.0
23.92397220829688,0.9846729009910918,23.66951053649676,0.0,2.0,2.0
22.634576603901273,1.5659708232267238,21.54587248568012,0.0,0.75,0.75
18.98125106282732,0.0,0.0,0.0,0.0,0.0
17.15458829229034,0.0,0.0,0.0,0.0,0.0
13.70432548048421,0.0,0.0,0.0,0.0,0.0
13.442889942541491,0.0,0.0,0.0,0.0,0.0
13.442889942541491,0.0,0.0,0.0,0.0,0.0
13.442889942541491,0.0,0.0,0.0,1.875,1.875
13.442889942541491,0.0,0.0,0.0,3.0,3.0
13.442889942541491,0.0,0.0,0.0,3.0,3.0
18.336058690846233,12.552033250118486,18.366520221624334,0.0,3.0,3.0
37.228270155527085,32.2012302374478,15.162960270238523,0.0215625,3.0,3.0
84.85688066470678,9.68783348550195,29.31631639071804,0.1494375,3.0,3.0
74.74265674509203,4.348582243804671,34.44284930180206,0.3326875,2.375,2.375
72.28260950180305,3.15561600803106,38.270285772754335,0.3120625,2.0,2.0
74.21670290839647,2.2468283210566833,41.272533635306026,0.1301875,2.0,2.0
75.21995504444162,7.162793266154349,42.97409950585039,0.562125,2.0,2.0
75.82844741389097,2.3355608482072445,53.62123687432469,0.721,2.0,2.0
72.28260950180305,2.315708144263099,55.565995344625655,0.6915,2.0,2.0
72.36054091549121,2.0459330797619057,54.37083100963165,0.573375,3.25,3.25
76.18885147243967,1.4619291653878845,51.874068579817205,0.290125,4.0,4.0
56.948888761726515,9.885294455357164,42.805565862068036,0.0209375,4.0,4.0
30.156088958162037,1.4883929973907941,29.390268808189603,0.0,4.0,4.0
27.57729774937083,2.237764786355965,24.12103264996696,0.0,4.0,4.0
23.92397220829688,4.161432971228555,20.919738903169517,0.0,4.0,4.0
22.634576603901273,4.582727775573671,19.87764416157767,0.0,2.125,2.125
18.98125106282732,0.0,0.0,0.0,1.0,1.0
17.15458829229034,0.0,0.0,0.0,1.0,1.0
13.70432548048421,0.0,0.0,0.0,1.0,1.0
13.442889942541491,0.0,0.0,0.0,1.0,1.0
13.442889942541491,0.0,0.0,0.0,1.0,1.0
13.442889942541491,0.0,0.0,0.0,0.375,0.375
13.442889942541491,0.0,0.0,0.0,0.0,0.0
13.442889942541491,0.0,0.0,0.0,0.0,0.0
18.336058690846233,14.952128558076055,18.79050242182731,0.0,0.0,0.0
37.3887924982679,33.91826958231577,15.29769696364125,0.0136875,0.0,0.0
85.58991160834289,11.991615563399819,28.32141515112342,0.1243125,0.0,0.0
74.80044684409553,5.159387052425997,33.92786849593448,0.3829375,1.875,1.875
72.28260950180305,3.594026707203207,38.709476859321555,0.5489375,3.0,3.0
74.21670290839647,3.001671208418835,45.880412055484086,0.6751875,3.0,3.0
75.21995504444162,2.2376172312576856,49.35109846085691,0.7431875,3.0,3.0
75.82844741389097,2.0866892099398977,57.083538512313595,0.68875,3.0,3.0
72.28260950180305,1.7696837663709486,54.1509545269339,0.5181875,3.0,3.0
72.38651805338728,1.6922031997184932,55.13861280358856,0.553,3.0,3.0
76.6800739585415,1.2282222461621457,53.8664195131437,0.277875,3.0,3.0
57.23022603803249,3.7522357882947963,46.60165112278397,0.0199375,3.0,3.0
30.156088958162037,0.0,36.33951175140525,0.0,3.0,3.0
27.57729774937083,0.21398064593857272,32.48900203087791,0.0,3.0,3.0
23.92397220829688,0.6317300900942756,29.0113393459618,0.0,3.0,3.0
22.634576603901273,1.0391921871017042,26.169196208488945,0.0,3.0,3.0
18.98125106282732,0.0,0.0,0.0,3.0,3.0
17.15458829229034,0.0,0.0,0.0,3.0,3.0
13.70432548048421,0.0,0.0,0.0,3.0,3.0
10.350306470193523,0.0,0.0,0.0,3.0,3.0
10.350306470193523,0.0,0.0,0.0,3.0,3.0
10.350306470193523,0.0,0.0,0.0,3.625,3.625
10.350306470193523,0.0,0.0,0.0,4.0,4.0
10.350306470193523,0.0,0.0,0.0,4.0,4.0
18.336058690846233,2.641225334567373,27.831688475065864,0.0,4.0,4.0
24.080267039405793,10.80614653977415,18.893754425432004,0.01425,4.0,4.0
33.29527570971989,4.3097477932230746,19.59404448564041,0.093,4.0,4.0
34.90292764296774,3.2908817598074793,23.75061587685807,0.200875,4.625,4.625
33.63676265569846,2.5178372917589473,26.128249121161165,0.3616875,5.0,5.0
35.84125200873044,1.7923738316658884,30.87871748230516,0.7229375,5.0,5.0
24.492573044144226,0.894683774043746,32.052714625058854,0.6965625,5.0,5.0
21.913781835353017,0.4551016860950771,28.733191507196665,0.488875,5.0,5.0
20.302037329858514,0.718810923992678,29.39852520057746,0.531625,5.0,5.0
19.016971248445586,1.41583955920617,29.355192539710853,0.548875,7.5,7.5
19.513817784457686,2.9857535890012756,28.075158502596373,0.262625,9.0,9.0
15.228566893475527,0.27846855392894265,32.10677072585998,0.0186875,9.0,9.0
13.322606911852002,0.0,0.0,0.0,9.0,9.0
10.611742008136241,0.0,0.0,0.0,9.0,9.0
10.350306470193523,0.0,0.0,0.0,9.0,9.0
10.350306470193523,0.0,0.0,0.0,5.875,5.875
10.350306470193523,0.0,0.0,0.0,4.0,4.0
10.350306470193523,0.0,0.0,0.0,4.0,4.0
10.350306470193523,0.0,0.0,0.0,4.0,4.0
10.350306470193523,0.0,0.0,0.0,4.0,4.0
10.350306470193523,0.0,0.0,0.0,4.0,4.0
10.350306470193523,0.0,0.0,0.0,5.25,5.25
10.350306470193523,0.0,0.0,0.0,6.0,6.0
10.350306470193523,0.0,0.0,0.0,6.0,6.0
13.134080232505159,0.0,0.0,0.0,6.0,6.0
13.25328754492364,0.0,0.0,0.02325,6.0,6.0
13.019620644651006,0.0,0.0,0.093,6.0,6.0
12.950130415926704,0.0,0.0,0.00775,6.0,6.0
12.933047904492726,0.0,0.0,0.0,6.0,6.0
12.933047904492726,0.0,0.0,0.0,6.0,6.0
12.933047904492726,0.0,0.0,0.1378125,6.0,6.0
12.933047904492726,0.0,0.0,0.6825,6.0,6.0
12.933047904492726,0.0,0.0,0.5709375,6.0,6.0
12.933047904492726,0.0,0.0,0.04375,6.0,6.0
12.965317382774822,0.0,0.0,0.0,6.0,6.0
13.282571178180646,0.0,0.0,0.0,6.0,6.0
10.611742008136241,0.0,0.0,0.0,6.0,6.0
10.350306470193523,0.0,0.0,0.0,6.0,6.0
10.350306470193523,0.0,0.0,0.0,6.0,6.0
10.350306470193523,0.0,0.0,0.0,5.375,5.375
10.350306470193523,0.0,0.0,0.0,5.0,5.0
10.350306470193523,0.0,0.0,0.0,5.0,5.0
10.350306470193523,0.0,0.0,0.0,5.0,5.0
13.442889942541491,1.2327492485848532,0.5138986140847535,0.0,5.0,5.0
13.442889942541491,2.2112035198769306,0.95026785097673,0.0,5.0,5.0
13.442889942541491,3.680694636820575,1.3437561455956155,0.0,5.0,5.0
13.442889942541491,3.112562060561739,0.8695513202340566,0.0,5.0,5.0
13.442889942541491,21.7731861732356,3.3039800494143297,0.0,5.0,5.0
18.336058690846233,69.1627163607297,7.5691064367861,0.0,5.0,5.0
37.448075874143754,84.22754313307297,6.4827609401672,0.0144375,5.0,5.0
85.68481812897214,42.26037872764485,13.057326786920648,0.1344375,5.0,5.0
75.10452823953247,22.777175569819793,16.019886770656733,0.3689375,4.375,4.375
72.4962584647875,16.449466954381126,19.761678205895556,0.395875,4.0,4.0
74.21670290839647,12.83357122743749,26.135227025193803,0.7228125,4.0,4.0
75.21995504444162,21.64805644362746,26.732875985717445,0.7463125,4.0,4.0
75.82844741389097,8.114677177947003,35.26955721982532,0.7281875,4.0,4.0
72.28260950180305,6.736869002366571,36.3319891865743,0.682625,4.0,4.0
72.45437914001604,6.36309316503467,36.69838598363739,0.5459375,5.25,5.25
77.29623153914667,6.284286573478938,37.62187392924942,0.235,6.0,6.0
57.276363637796585,19.007090395951142,26.17909428252639,0.0164375,6.0,6.0
30.156088958162037,14.126396556250436,14.423509382581388,0.0,6.0,6.0
27.57729774937083,13.412212136104,12.187995075205544,0.0,6.0,6.0
23.92397220829688,15.260018513069326,11.163761913911681,0.0,6.0,6.0
22.634576603901273,15.453274781469299,10.589616934011808,0.0,3.5,3.5
18.98125106282732,0.0,0.0,0.0,2.0,2.0
17.15458829229034,0.0,0.0,0.0,2.0,2.0
13.70432548048421,0.0,0.0,0.0,2.0,2.0
13.442889942541491,0.0,0.0,0.0,2.0,2.0
13.442889942541491,0.0,0.0,0.0,2.0,2.0
13.442889942541491,0.0,0.0,0.0,3.25,3.25
13.442889942541491,0.0,0.0,0.0,4.0,4.0
13.442889942541491,8.131539771426189,2.5058180638344467,0.0,4.0,4.0
18.336058690846233,40.41769381537699,10.474835366364672,0.0,4.0,4.0
37.39441436042493,57.43903454574522,9.13719897830322,0.016125,4.0,4.0
84.87672141800843,26.771270555895928,19.663156587025888,0.0645,4.0,4.0
74.54432744719503,16.91626728060103,20.108915754836147,0.072875,4.0,4.0
72.28260950180305,8.97879478232102,26.497906991139168,0.4108125,4.0,4.0
74.21670290839647,6.814239324188719,34.323596607961015,0.685875,4.0,4.0
75.21995504444162,14.913189859715343,33.10947134692028,0.4474375,4.0,4.0
75.82844741389097,3.7180173309443836,37.8887257915901,0.033375,4.0,4.0
72.28260950180305,3.206385655736763,35.96544222783717,0.0,4.0,4.0
72.28260950180305,3.141536314755385,34.6368067826805,0.0,4.625,4.625
75.78050703160758,3.6252219125874916,35.102116752455835,0.0,5.0,5.0
57.01180913897977,18.15212872425237,23.961108140048488,0.0,5.0,5.0
30.156088958162037,18.503716186676005,16.05116180207635,0.0,5.0,5.0
27.57729774937083,17.96893626132846,14.00499881319894,0.0,5.0,5.0
23.92397220829688,20.504677060273824,12.903049940857988,0.0,5.0,5.0
22.634576603901273,19.92507784153123,12.29719901233541,0.0,3.125,3.125
18.98125106282732,0.0,0.0,0.0,2.0,2.0
17.15458829229034,0.0,0.0,0.0,2.0,2.0
13.70432548048421,0.0,0.0,0.0,2.0,2.0
13.442889942541491,0.0,0.0,0.0,2.0,2.0
13.442889942541491,0.0,0.0,0.0,2.0,2.0
13.442889942541491,0.0,0.0,0.0,2.625,2.625
13.442889942541491,0.0,0.0,0.0,3.0,3.0
13.442889942541491,12.872499244357785,4.662058088139258,0.0,3.0,3.0
18.336058690846233,55.11488092287153,10.54105566436167,0.0,3.0,3.0
37.49180535052986,69.97646438401998,10.529144482119742,0.01425,3.0,3.0
85.71250250479491,39.329104796391874,18.63516528491203,0.1385625,3.0,3.0
75.48585881555712,20.136063980834503,22.11345427668275,0.4519375,3.625,3.625
72.3764457446302,11.615924265721256,26.397449319333546,0.5895,4.0,4.0
74.28033015174313,8.805761334010102,28.640272861128416,0.494625,4.0,4.0
75.21995504444162,18.25750503252005,29.512890077826082,0.7236875,4.0,4.0
75.82844741389097,5.554575844757592,38.72262962994906,0.7258125,4.0,4.0
72.28260950180305,4.427924194557976,39.84104593531933,0.6778125,4.0,4.0
72.56835801865965,4.170275829650344,39.69857586697989,0.533875,4.0,4.0
77.42741996830496,4.005233435330036,40.20431331682181,0.2141875,4.0,4.0
57.276363637796585,15.589940947177116,28.522258269750782,0.01475,4.0,4.0
30.156088958162037,11.624985059639931,18.393037981823024,0.0,4.0,4.0
27.57729774937083,11.569266998221478,15.579081412589636,0.0,4.0,4.0
23.92397220829688,14.392837438929934,14.096654021750103,0.0,4.0,4.0
22.634576603901273,15.996512567358495,13.411835999884149,0.0,2.75,2.75
18.98125106282732,0.0,0.0,0.0,2.0,2.0
17.15458829229034,0.0,0.0,0.0,2.0,2.0
13.70432548048421,0.0,0.0,0.0,2.0,2.0
13.442889942541491,0.0,0.0,0.0,2.0,2.0
13.442889942541491,0.0,0.0,0.0,2.0,2.0
13.442889942541491,0.0,0.0,0.0,2.0,2.0
13.442889942541491,0.0,0.0,0.0,2.0,2.0
13.442889942541491,6.677815605173616,2.4788283992506317,0.0,2.0,2.0
18.336058690846233,40.107307941956634,11.401302361919019,0.0,2.0,2.0
37.42039149832099,56.936023071977836,11.514124753184637,0.0129375,2.0,2.0
84.9698387640773,29.149672943432098,19.909125489471396,0.05175,2.0,2.0
74.76221091402749,19.90342450541383,19.39208733915063,0.0043125,2.0,2.0
72.35630641164322,13.938356726605553,19.723058415642587,0.0,2.0,2.0
74.21670290839647,10.11342535889191,23.71404943383203,0.0,2.0,2.0
75.21995504444162,17.149627646316738,26.29480554934264,0.102,2.0,2.0
75.82844741389097,5.414388801884851,38.120295357271885,0.5236875,2.0,2.0
72.28260950180305,4.145216676110621,41.38728134160946,0.49675,2.0,2.0
72.29267982886245,2.687627690283278,39.46133819190365,0.0809375,2.625,2.625
75.62464618592892,3.0586681799020217,41.112127874702175,0.1695,3.0,3.0
57.41216647569334,13.274334419057853,29.41567545423391,0.0,3.0,3.0
30.156088958162037,7.725086910013408,18.508766401220832,0.0,3.0,3.0
27.57729774937083,7.886066654811541,16.04497582428545,0.0,3.0,3.0
23.92397220829688,10.728673807319153,14.678855026537414,0.0,3.0,3.0
22.634576603901273,12.556251086973873,13.94201825552339,0.0,2.375,2.375
18.98125106282732,0.0,0.0,0.0,2.0,2.0
17.15458829229034,0.0,0.0,0.0,2.0,2.0
13.70432548048421,0.0,0.0,0.0,2.0,2.0
13.442889942541491,0.0,0.0,0.0,2.0,2.0
13.442889942541491,0.0,0.0,0.0,2.0,2.0
13.442889942541491,0.0,0.0,0.0,3.25,3.25
13.442889942541491,0.0,0.0,0.0,4.0,4.0
13.442889942541491,5.546234128750308,2.55338620323049,0.0,4.0,4.0
18.336058690846233,33.55085611845268,11.998571170640197,0.0,4.0,4.0
37.50187567758925,51.34596345615004,11.621637995703262,0.01125,4.0,4.0
85.94678011810872,23.376383177652357,20.87107580756883,0.118875,4.0,4.0
75.11275171780669,10.139189751854602,25.708830308255664,0.4100625,2.75,2.75
72.34039960080655,6.570757949019646,31.72054352594692,0.608125,2.0,2.0
74.21670290839647,5.211902117087281,37.15014622507456,0.68175,2.0,2.0
75.21995504444162,12.109467172940386,34.39273489733327,0.5186875,2.0,2.0
75.82844741389097,4.102577392864284,47.4125055579964,0.7040625,2.0,2.0
72.28260950180305,3.5665577089454445,49.23479856320807,0.67275,2.0,2.0
72.49626308874876,3.01711206768619,47.30261920604417,0.522375,3.25,3.25
77.47514040081495,2.6368342794722954,46.18544264502709,0.1985625,4.0,4.0
57.41216647569334,10.862706962557557,34.601494848190846,0.0,4.0,4.0
30.156088958162037,2.177227999726486,23.104423872614316,0.0,4.0,4.0
27.57729774937083,3.6200790063449837,20.764597120490528,0.0,4.0,4.0
23.92397220829688,5.6038899676253955,18.38569956622824,0.0,4.0,4.0
22.634576603901273,6.926268876781437,17.14014573531001,0.0,2.125,2.125
18.98125106282732,0.0,0.0,0.0,1.0,1.0
17.15458829229034,0.0,0.0,0.0,1.0,1.0
13.70432548048421,0.0,0.0,0.0,1.0,1.0
10.350306470193523,0.0,0.0,0.0,1.0,1.0
10.350306470193523,0.0,0.0,0.0,1.0,1.0
10.350306470193523,0.0,0.0,0.0,1.625,1.625
10.350306470193523,0.0,0.0,0.0,2.0,2.0
10.350306470193523,0.0,0.0,0.0,2.0,2.0
18.336058690846233,21.317609600299896,15.636097942517939,0.0,2.0,2.0
24.138833480409737,32.94059302353737,12.705746562880801,0.0,2.0,2.0
34.48994225234476,21.952802504977186,12.095123817084659,0.0,2.0,2.0
35.82243268399681,17.692767870971974,12.900614223592305,0.0,2.625,2.625
34.004798119081116,13.436224453237047,13.239712251952856,0.0,3.0,3.0
36.02785738851974,9.288145902329171,13.869684177208352,0.0,3.0,3.0
24.564666652923318,9.704532461586926,12.058430801584644,0.0,3.0,3.0
21.97916233313645,8.732042405504759,11.804379030294555,0.0,3.0,3.0
20.417960381962754,8.396250608211336,11.695792772788195,0.0,3.0,3.0
19.26589356124646,9.767245640156286,11.086718531808739,0.0,4.25,4.25
20.054734027678546,11.088277671943072,10.568831667790537,0.0,5.0,5.0
15.256700318445407,0.447620583789115,27.419860935100854,0.0,5.0,5.0
13.322606911852002,0.0,0.0,0.0,5.0,5.0
10.611742008136241,0.0,0.0,0.0,5.0,5.0
10.350306470193523,0.0,0.0,0.0,5.0,5.0
10.350306470193523,0.0,0.0,0.0,5.0,5.0
10.350306470193523,0.0,0.0,0.0,5.0,5.0
10.350306470193523,0.0,0.0,0.0,5.0,5.0
10.350306470193523,0.0,0.0,0.0,5.0,5.0
10.350306470193523,0.0,0.0,0.0,5.0,5.0
10.350306470193523,0.0,0.0,0.0,5.0,5.0
10.350306470193523,0.0,0.0,0.0,3.125,3.125
10.350306470193523,0.0,0.0,0.0,2.0,2.0
10.350306470193523,0.0,0.0,0.0,2.0,2.0
13.134080232505159,0.0,0.0,0.0,2.0,2.0
13.322606911852002,0.0,0.0,0.0,2.0,2.0
13.245745592810003,0.0,0.0,0.0,2.0,2.0
12.991455040850097,0.0,0.0,0.0,4.5,4.5
12.94323901357628,0.0,0.0,0.0,6.0,6.0
12.933047904492726,0.0,0.0,0.0,6.0,6.0
12.933047904492726,0.0,0.0,0.0,6.0,6.0
12.933047904492726,0.0,0.0,0.0,6.0,6.0
12.933047904492726,0.0,0.0,0.0,6.0,6.0
12.9469201851539,0.0,0.0,0.0,5.375,5.375
13.023041363021129,0.0,0.0,0.0,5.0,5.0
13.322606911852002,0.0,0.0,0.0,5.0,5.0
10.611742008136241,4.739019260059273,1.5336248245338568,0.0,5.0,5.0
10.350306470193523,5.159050490509772,1.3342453347962324,0.0,5.0,5.0
10.350306470193523,4.182499098993213,0.8284083450132973,0.0,5.0,5.0
10.350306470193523,8.474041266813522,1.2185511259747048,0.0,5.0,5.0
10.350306470193523,7.317329400505052,1.0695285402392145,0.0,5.0,5.0
10.350306470193523,5.6974972190232664,0.6609940082671917,0.0,5.0,5.0
10.350306470193523,10.63934739531976,0.957494244478378,0.0,5.0,5.0
13.442889942541491,9.569781769051236,0.9183966448830215,0.0,5.0,5.0
13.442889942541491,10.08237931162204,2.9470831327895746,0.0,5.0,5.0
13.442889942541491,14.467092831006292,3.0164446458297185,0.0,4.375,4.375
13.442889942541491,13.763271910977705,2.1439114872392997,0.0,4.0,4.0
13.442889942541491,12.250253938118284,2.4562424175916955,0.0,4.0,4.0
13.442889942541491,54.775621211390046,5.764542025271225,0.0,4.0,4.0
18.33270191515977,114.33270211290234,3.342285225916573,0.0091875,4.0,4.0
36.55310252861529,118.09417134628411,5.595071815010127,0.1055625,4.0,4.0
84.04395427222204,59.946828506736885,9.774512032504557,0.3836875,2.75,2.75
74.38846858321408,35.88488646226484,13.267851132511998,0.57925,2.0,2.0
72.28260950180305,26.075886335945576,17.29773592332036,0.7136875,2.0,2.0
74.21670290839647,21.765944798732672,20.61578460137761,0.7383125,2.0,2.0
75.21995504444162,29.886588988549743,19.330616801048702,0.7191875,2.0,2.0
75.854424551787,15.257135949836128,27.266962341281246,0.6650625,2.0,2.0
72.88650812687045,13.921378783576047,26.938188084167212,0.5055,3.875,3.875
75.11973302105547,15.436998090930022,23.544922524722526,0.1795625,5.0,5.0
82.19581174416012,18.613615054827857,21.337043047125423,0.0,5.0,5.0
57.41216647569334,36.845339533177025,14.333285512723375,0.0,5.0,5.0
30.156088958162037,39.891645865199756,9.118377492143312,0.0,5.0,5.0
27.57729774937083,36.295615905919846,7.861833552133568,0.0,5.0,5.0
23.92397220829688,38.30441870187047,7.412976048125557,0.0,5.0,5.0
22.634576603901273,39.49072291183311,6.895394161982385,0.0,5.0,5.0
18.98125106282732,0.0,0.0,0.0,5.0,5.0
17.15458829229034,0.0,0.0,0.0,5.0,5.0
13.70432548048421,0.0,0.0,0.0,5.0,5.0
13.442889942541491,0.0,0.0,0.0,5.0,5.0
13.442889942541491,0.0,0.0,0.0,4.375,4.375
13.442889942541491,2.7875374746187758,1.1118464624207316,0.0,4.0,4.0
13.442889942541491,4.956007339162823,1.5575334462194586,0.0,4.0,4.0
13.442889942541491,25.352192094351942,8.581421076451589,0.0,4.0,4.0
18.31331268889706,68.56667209716714,7.302962695066058,0.01275,4.0,4.0
36.248529879159435,81.03353921315613,6.316773184518864,0.051,4.0,4.0
82.96728216393328,40.02591125163463,13.554777361015928,0.089,2.75,2.75
74.21670290839647,19.821124004803536,19.041774708095016,0.4753125,2.0,2.0
72.28260950180305,14.13288092600759,24.22835344061099,0.712625,2.0,2.0
74.21670290839647,10.855096847642203,27.025107098596067,0.737875,2.0,2.0
75.21995504444162,19.648243524236957,28.84075601012655,0.718,2.0,2.0
75.82844741389097,7.3424168410538,35.26556563026231,0.5568125,2.0,2.0
72.29267982886245,5.754131804524186,30.44380026064999,0.042625,3.25,3.25
73.13780983756908,6.35312739274662,28.70149901037682,0.0,4.0,4.0
82.19581174416012,8.515138688859512,27.29929211873702,0.0,4.0,4.0
57.41216647569334,24.81422159899046,20.394060995252495,0.0,4.0,4.0
30.156088958162037,24.382330437251298,13.145553598851878,0.0,4.0,4.0
27.57729774937083,22.431845265550745,11.424668176975128,0.0,4.0,4.0
23.92397220829688,24.087782370197573,10.125994776745308,0.0,2.75,2.75
22.634576603901273,25.2173754652719,9.4711641372306,0.0,2.0,2.0
18.98125106282732,0.0,0.0,0.0,2.0,2.0
17.15458829229034,0.0,0.0,0.0,2.0,2.0
13.70432548048421,0.0,0.0,0.0,2.0,2.0
13.442889942541491,0.0,0.0,0.0,2.0,2.0
13.442889942541491,0.0,0.0,0.0,3.25,3.25
13.442889942541491,0.0,0.0,0.0,4.0,4.0
13.442889942541491,0.0,0.0,0.0,4.0,4.0
13.442889942541491,13.5206089439971,4.9165343564089685,0.0,4.0,4.0
18.31331268889706,50.75913297619867,9.696613382463148,0.013125,4.0,4.0
36.277682863416835,62.74057530854606,8.13999541631862,0.156,4.0,4.0
83.14970465099363,21.58391871950464,22.239440277452328,0.51475,4.0,4.0
74.21670290839647,11.651758858080036,26.127601146803727,0.544125,4.0,4.0
72.28260950180305,8.088415178868843,27.87279803183819,0.528625,4.0,4.0
74.21670290839647,5.423752604195722,29.82376606600059,0.041375,4.0,4.0
75.21995504444162,15.191551807931836,29.953437731660667,0.1273125,4.0,4.0
75.82844741389097,5.253316798346967,38.58182020554248,0.613875,4.0,4.0
72.43847232917938,4.807274987157345,39.085276305405856,0.4946875,4.625,4.625
74.44281186176653,4.162587642495193,38.22192388516171,0.169875,5.0,5.0
82.19581174416012,3.735523820115839,36.36149228960029,0.0,5.0,5.0
57.41216647569334,15.494107438350051,25.09098682863794,0.0,5.0,5.0
30.156088958162037,9.642817283534473,16.486270496243357,0.0,5.0,5.0
27.57729774937083,8.988486151729761,14.431391795128157,0.0,5.0,5.0
23.92397220829688,10.28142867813486,13.48528605489712,0.0,4.375,4.375
22.634576603901273,10.991296102591985,13.008685860365775,0.0,4.0,4.0
18.98125106282732,0.0,0.0,0.0,4.0,4.0
17.15458829229034,0.0,0.0,0.0,4.0,4.0
13.70432548048421,0.0,0.0,0.0,4.0,4.0
13.442889942541491,0.0,0.0,0.0,4.0,4.0
13.442889942541491,0.0,0.0,0.0,3.375,3.375
13.442889942541491,0.0,0.0,0.0,3.0,3.0
13.442889942541491,0.0,0.0,0.0,3.0,3.0
13.442889942541491,0.0,0.0,0.0,3.0,3.0
18.336058690846233,23.97638492600171,13.134205582452868,0.0065625,3.0,3.0
36.651335720505344,42.50261601362418,11.650143037742945,0.0958125,3.0,3.0
83.86693024412854,13.551757863640939,25.922812385038814,0.3888125,2.375,2.375
74.31053915122362,7.256526259623878,30.258784939608155,0.596,2.0,2.0
72.28260950180305,5.820881425973491,32.4082898155755,0.732125,2.0,2.0
74.21670290839647,5.112150012819258,37.99116234244307,0.7368125,2.0,2.0
75.21995504444162,14.22559783260235,37.83331212983221,0.6959375,2.0,2.0
75.854424551787,3.8635721409983246,41.79769674957438,0.5815625,2.0,2.0
72.88650812687045,3.6412509602110807,39.011002558843245,0.4515625,3.25,3.25
77.26905215895515,3.4389047289067753,34.21223952828205,0.0375625,4.0,4.0
82.19581174416012,5.276268713718171,32.22656231913163,0.0,4.0,4.0
57.41216647569334,20.20306105160563,24.68033527882076,0.0,4.0,4.0
30.156088958162037,20.157671770533167,17.67639419217474,0.0,4.0,4.0
27.57729774937083,17.988411997788432,15.715612850098257,0.0,4.0,4.0
23.92397220829688,18.26388077177296,14.524557603379915,0.0,1.5,1.5
22.634576603901273,18.074858598169353,13.85086595711884,0.0,0.0,0.0
18.98125106282732,0.0,0.0,0.0,0.0,0.0
17.15458829229034,0.0,0.0,0.0,0.0,0.0
13.70432548048421,0.0,0.0,0.0,0.0,0.0
13.442889942541491,0.0,0.0,0.0,0.0,0.0
13.442889942541491,0.0,0.0,0.0,0.625,0.625
13.442889942541491,0.0,0.0,0.0,1.0,1.0
13.442889942541491,0.0,0.0,0.0,1.0,1.0
13.442889942541491,7.082740420505407,2.479044258928791,0.0,1.0,1.0
18.308897297756815,41.396241516530985,11.601751930965364,0.0075,1.0,1.0
36.12478978500011,53.99575743398295,11.749159495504156,0.0740625,1.0,1.0
82.65556443597139,19.439535353794582,23.505063145726936,0.248125,1.625,1.625
74.21670290839647,8.098366643302958,27.442639427504627,0.2921875,2.0,2.0
72.28260950180305,8.255762523967237,23.994733509622503,0.023125,2.0,2.0
74.21670290839647,7.995345481240045,25.505750491448843,0.0,2.0,2.0
75.21995504444162,16.97134748865497,24.589867765840953,0.0,2.0,2.0
75.84435422472764,9.870267364858151,27.457796048448287,0.0,2.0,2.0
72.62454613773387,8.390244444566953,24.806369733653266,0.0,3.25,3.25
74.5101775225941,9.226181787438348,24.370250687884642,0.0,4.0,4.0
82.19581174416012,11.602628171465678,24.946127713549046,0.0,4.0,4.0
57.41216647569334,29.45492929179039,22.023265836409877,0.0,4.0,4.0
30.156088958162037,32.47551569264191,15.018201600347913,0.0,4.0,4.0
27.57729774937083,29.121331400516436,13.10694416282314,0.0,4.0,4.0
23.92397220829688,31.712767614541416,12.074772430114336,0.0,4.625,4.625
22.634576603901273,33.28606727428647,11.41061707018938,0.0,5.0,5.0
18.98125106282732,0.0,0.0,0.0,5.0,5.0
17.15458829229034,0.0,0.0,0.0,5.0,5.0
10.611742008136241,0.0,0.0,0.0,5.0,5.0
10.350306470193523,0.0,0.0,0.0,5.0,5.0
10.350306470193523,0.0,0.0,0.0,3.125,3.125
10.350306470193523,0.0,0.0,0.0,2.0,2.0
10.350306470193523,3.302480805877076,1.2314414638204658,0.0,2.0,2.0
10.350306470193523,5.836181826631158,1.7520737469290073,0.0,2.0,2.0
13.134080232505159,5.5464882986165955,1.671783069649123,0.0045,2.0,2.0
13.19540369617894,3.892240648060062,1.0808782274764397,0.078,2.0,2.0
13.027193237803404,4.860493430203279,1.748547252053113,0.2895,2.0,2.0
12.955091812648453,4.014354166119472,1.9936174957641766,0.335,2.0,2.0
12.933047904492726,0.0,0.0,0.646375,2.0,2.0
12.933047904492726,0.0,0.0,0.7295,2.0,2.0
12.933047904492726,0.0,0.0,0.7123125,2.0,2.0
12.933047904492726,0.0,0.0,0.6511875,2.0,2.0
12.965478902878761,0.0,0.0,0.4478125,3.25,3.25
13.183192039169503,1.6022230433330613,1.443297623133887,0.0338125,4.0,4.0
13.322606911852002,3.755209731706536,2.092253513405195,0.0,4.0,4.0
13.322606911852002,4.294459031081032,1.7019820506066818,0.0,4.0,4.0
10.611742008136241,3.7549320915482567,0.9597341115990469,0.0,4.0,4.0
10.350306470193523,6.845755575880541,1.2669442340042296,0.0,4.0,4.0
10.350306470193523,6.678458655938742,1.1182969122256925,0.0,4.0,4.0
10.350306470193523,5.204214425902174,0.6978092406424257,0.0,4.0,4.0
10.350306470193523,9.722404872532461,1.0118546043977348,0.0,4.0,4.0
10.350306470193523,9.023413404155196,0.9413025461769462,0.0,4.0,4.0
10.350306470193523,6.825781909766847,1.097072177377177,0.0,4.0,4.0
10.350306470193523,12.4870866149748,2.7122140257496623,0.0,4.0,4.0
10.350306470193523,9.452483978467015,0.7369915943603202,0.0,2.75,2.75
10.350306470193523,7.415536569621112,1.3305896977917204,0.0,2.0,2.0
10.350306470193523,13.538513460561253,3.0351339231661023,0.0,2.0,2.0
10.350306470193523,12.679746759863413,2.061723526470032,0.0,2.0,2.0
13.134080232505159,9.954020295700706,2.519121586274887,0.0043125,2.0,2.0
13.19540369617894,13.203181839184962,2.559930432411537,0.08625,2.0,2.0
13.010961818874286,8.476926790489852,0.563972370339561,0.3873125,2.0,2.0
12.940587878436835,4.160054350694355,0.6044319447653601,0.60125,2.0,2.0
12.933047904492726,5.75292357955944,1.5255807559469612,0.7298125,2.0,2.0
12.933047904492726,3.5615034596188266,1.8168731197478685,0.6974375,2.0,2.0
12.933047904492726,2.067653354198358,1.2610339541100297,0.565625,2.0,2.0
12.93625850224658,2.8311491572067564,2.2195069872490008,0.6365625,2.0,2.0
12.96804100243514,3.273544045682368,2.110840895490893,0.4439375,3.25,3.25
13.217360742621082,2.8445987347021133,0.9430091671364444,0.0335,4.0,4.0
13.322606911852002,5.553851598304581,0.9719024090837317,0.0,4.0,4.0
13.322606911852002,6.5311178903017355,2.192831076860091,0.0,4.0,4.0
10.611742008136241,6.759842541662583,1.7151305823788037,0.0,4.0,4.0
10.350306470193523,11.692060029020471,2.2594714757422794,0.0,4.0,4.0
10.350306470193523,9.55933559171413,2.0595996990366547,0.0,2.75,2.75
10.350306470193523,7.666613526071278,1.3772559625266823,0.0,2.0,2.0
10.350306470193523,12.675329997912806,1.9200890570341713,0.0,2.0,2.0
10.350306470193523,10.765712696241087,1.6779590209071213,0.0,2.0,2.0
13.442889942541491,7.916325627407637,1.093216139441749,0.0,2.0,2.0
13.442889942541491,13.429102776745864,1.6011971254156778,0.0,2.0,2.0
13.442889942541491,13.16327094433947,1.5040184619915455,0.0,2.625,2.625
13.442889942541491,10.454845095319834,0.9626348518964908,0.0,3.0,3.0
13.442889942541491,19.39706930337869,1.471550615084437,0.0,3.0,3.0
13.442889942541491,61.62798736021336,4.452508698589221,0.0,3.0,3.0
18.336058690846233,133.6277885846314,1.9256600520869314,0.0058125,3.0,3.0
36.782247570210295,135.93832528531416,5.118832959548433,0.087375,3.0,3.0
84.15909578485271,74.94368232147848,7.521817759028311,0.3611875,3.0,3.0
74.37256177237742,47.26123857134858,9.012165573015766,0.5506875,3.0,3.0
72.28260950180305,35.09227218120724,13.6919023746693,0.6455,3.0,3.0
74.21670290839647,27.752053443113745,16.825042321417794,0.725875,3.0,3.0
75.21995504444162,34.76165544112805,15.089401269618692,0.7091875,3.0,3.0
75.82844741389097,17.06295130290659,23.788029938257946,0.6459375,3.0,3.0
72.51216989958543,15.008669122714549,25.50009358682711,0.4393125,4.25,4.25
73.55594448298127,15.053530637153235,22.436623872130678,0.033125,5.0,5.0
82.19581174416012,18.264890478331075,19.382999558622846,0.0,5.0,5.0
57.41216647569334,38.62711879027681,11.489530136331034,0.0,5.0,5.0
30.156088958162037,41.19788608040851,7.568380335454739,0.0,5.0,5.0
27.57729774937083,38.09792609789418,6.368259104650877,0.0,5.0,5.0
23.92397220829688,40.21547634338716,5.967760011298783,0.0,5.0,5.0
22.634576603901273,41.514222865152334,5.132432280254956,0.0,5.0,5.0
18.98125106282732,0.0,0.0,0.0,5.0,5.0
17.15458829229034,0.0,0.0,0.0,5.0,5.0
13.70432548048421,0.0,0.0,0.0,5.0,5.0
13.442889942541491,0.0,0.0,0.0,5.0,5.0
13.442889942541491,2.6089608923688434,1.1350544706904249,0.0,4.375,4.375
13.442889942541491,5.005306095130197,1.536283049262013,0.0,4.0,4.0
13.442889942541491,5.499105698647693,1.4184590334787714,0.0,4.0,4.0
13.442889942541491,24.72304586909319,7.56664643376569,0.0,4.0,4.0
18.336058690846233,79.62253623364239,5.729052251851919,0.002625,4.0,4.0
36.985767742807255,91.03560613716324,6.09503105138177,0.0440625,4.0,4.0
84.4235787657184,44.37872292857301,12.792976175770207,0.251,3.375,3.375
74.29463234038694,23.208252699247964,18.37125458308689,0.6130625,3.0,3.0
72.28260950180305,17.640397275503602,23.000770244932408,0.6765,3.0,3.0
74.21670290839647,15.070680612278963,24.178020685943338,0.517875,3.0,3.0
75.21995504444162,23.76027981088498,25.32399665625129,0.69,3.0,3.0
75.854424551787,10.057212029336922,32.28177060584604,0.6425,3.0,3.0
73.17868109718522,8.635997256044309,31.39897127313918,0.434625,3.625,3.625
77.22091140937222,9.119218632158216,26.4899289812577,0.03275,4.0,4.0
82.19581174416012,11.035136302011036,25.463793545439877,0.0,4.0,4.0
57.41216647569334,27.530526426238936,19.055039553396494,0.0,4.0,4.0
30.156088958162037,27.09395478928642,11.947765638534666,0.0,4.0,4.0
27.57729774937083,24.64595483962651,9.832169461712791,0.0,4.0,4.0
23.92397220829688,27.181327084725417,9.200180977551518,0.0,4.0,4.0
22.634576603901273,28.63807442345081,8.789366016061605,0.0,4.0,4.0
18.98125106282732,0.0,0.0,0.0,4.0,4.0
17.15458829229034,0.0,0.0,0.0,4.0,4.0
13.70432548048421,0.0,0.0,0.0,4.0,4.0
13.442889942541491,0.0,0.0,0.0,4.0,4.0
13.442889942541491,0.0,0.0,0.0,3.375,3.375
13.442889942541491,0.0,0.0,0.0,3.0,3.0
13.442889942541491,0.0,0.0,0.0,3.0,3.0
13.442889942541491,15.807052982534838,5.112027644708824,0.0,3.0,3.0
18.336058690846233,59.0609031346582,9.454212758451948,0.001875,3.0,3.0
36.985767742807255,73.09127559203353,7.399771681095697,0.041625,3.0,3.0
84.58455587728426,33.90582342506803,15.877677291031315,0.2485,3.0,3.0
74.52842063635836,17.600987850000145,21.896283457600365,0.529625,3.0,3.0
72.42416617714018,13.541093262740494,23.0767912315556,0.46575,3.0,3.0
74.21670290839647,10.563624757212411,27.155527777011542,0.7088125,3.0,3.0
75.21995504444162,19.338567760580347,29.233016489686555,0.706625,3.0,3.0
75.90637882757912,7.056551766503609,35.71823819838339,0.6398125,3.0,3.0
73.17868109718522,6.02677560878126,34.28980567398899,0.43,4.25,4.25
77.48328826768882,6.1084744784742675,29.5126259132024,0.032375,5.0,5.0
82.19581174416012,7.887877600189651,28.170548112404123,0.0,5.0,5.0
57.41216647569334,23.614161591249985,21.68011497880792,0.0,5.0,5.0
30.156088958162037,22.34103214697789,14.020081652707042,0.0,5.0,5.0
27.57729774937083,20.134215107736075,12.402275061079887,0.0,5.0,5.0
23.92397220829688,22.108644993510403,11.631442613826971,0.0,4.375,4.375
22.634576603901273,23.453626096405515,11.123106447235479,0.0,4.0,4.0
18.98125106282732,0.0,0.0,0.0,4.0,4.0
17.15458829229034,0.0,0.0,0.0,4.0,4.0
13.70432548048421,0.0,0.0,0.0,4.0,4.0
13.442889942541491,0.0,0.0,0.0,4.0,4.0
13.442889942541491,0.0,0.0,0.0,2.75,2.75
13.442889942541491,0.0,0.0,0.0,2.0,2.0
13.442889942541491,0.0,0.0,0.0,2.0,2.0
13.442889942541491,11.091769135930948,2.266402355738057,0.0,2.0,2.0
18.336058690846233,52.64822593470703,10.160083890345044,0.0016875,2.0,2.0
37.23780808505239,67.61776861407881,9.108183560265328,0.00675,2.0,2.0
83.53935841660497,37.2901036085796,17.164824284002584,0.0005625,2.625,2.625
74.29039981823662,21.913471263812653,18.96515884331306,0.1216875,3.0,3.0
72.28260950180305,9.930580168375423,24.849006295155622,0.48675,3.0,3.0
74.21670290839647,8.831547749942391,24.765672015502123,0.0405625,3.0,3.0
75.21995504444162,18.0883404402512,25.576194883791253,0.124125,3.0,3.0
75.82844741389097,6.507218051633048,35.257265019823535,0.4965,3.0,3.0
72.43847232917938,5.702499476982961,30.21183987672511,0.041375,4.875,4.875
74.84310493817583,6.842533084814633,27.95509651474511,0.0,6.0,6.0
82.19581174416012,8.314521164644349,26.910742997104766,0.0,6.0,6.0
57.41216647569334,23.62893900165529,21.556524176383522,0.0,6.0,6.0
30.156088958162037,22.345119474766815,14.423513527614691,0.0,6.0,6.0
27.57729774937083,19.687980610516423,12.780503456031283,0.0,6.0,6.0
23.92397220829688,20.40251873232387,12.017621683467118,0.0,4.75,4.75
22.634576603901273,20.767609553817632,11.610876625915923,0.0,4.0,4.0
18.98125106282732,0.0,0.0,0.0,4.0,4.0
17.15458829229034,0.0,0.0,0.0,4.0,4.0
13.70432548048421,0.0,0.0,0.0,4.0,4.0
13.442889942541491,0.0,0.0,0.0,4.0,4.0
13.442889942541491,0.0,0.0,0.0,3.375,3.375
13.442889942541491,0.0,0.0,0.0,3.0,3.0
13.442889942541491,0.0,0.0,0.0,3.0,3.0
13.442889942541491,6.093760100299451,2.3855270616777022,0.0,3.0,3.0
18.336058690846233,37.58788136069432,10.70395076984531,0.0,3.0,3.0
37.125044497609196,55.62089467576077,9.772547112389823,0.00975,3.0,3.0
84.10071854009999,25.83586411336498,19.186532465808035,0.055125,3.625,3.625
74.49397911472757,15.581302730900717,19.416695763237104,0.0889375,4.0,4.0
72.47349123184303,11.408607295587318,20.372570334681555,0.090125,4.0,4.0
74.40758463843643,10.90904017313336,22.195580835826455,0.0363125,4.0,4.0
75.26767547695161,18.811399942021257,24.53198052643472,0.117,4.0,4.0
76.1401730686436,9.434028036506879,26.4479621344777,0.055875,4.0,4.0
72.62454613773387,6.820132305988729,28.158922107498526,0.1845,5.875,5.875
75.71961988572471,7.91530077331084,25.49448143340162,0.015375,7.0,7.0
82.19581174416012,9.73454664201881,25.649308955171858,0.0,7.0,7.0
57.41216647569334,26.60683810279117,21.550427358755535,0.0,7.0,7.0
30.156088958162037,26.860789758091222,14.383526799210422,0.0,7.0,7.0
27.57729774937083,24.066238228643726,12.658879020757578,0.0,7.0,7.0
23.92397220829688,24.511062578324093,11.844430579524408,0.0,5.125,5.125
22.634576603901273,24.77832942847248,11.40380547450872,0.0,4.0,4.0
18.98125106282732,0.0,0.0,0.0,4.0,4.0
17.15458829229034,0.0,0.0,0.0,4.0,4.0
10.611742008136241,0.0,0.0,0.0,4.0,4.0
10.350306470193523,0.0,0.0,0.0,4.0,4.0
10.350306470193523,0.0,0.0,0.0,4.0,4.0
10.350306470193523,0.0,0.0,0.0,4.0,4.0
10.350306470193523,0.0,0.0,0.0,4.0,4.0
10.350306470193523,16.70240472251569,5.472584670307825,0.0,4.0,4.0
18.336058690846233,52.469454873526196,9.842673989727384,0.0,4.0,4.0
23.920247488118378,60.89199610086214,8.172217825097798,0.0331875,4.0,4.0
32.59409703311261,37.142124181013095,9.321679672707766,0.1876875,4.625,4.625
34.56776321517151,25.25691970242308,10.289325952331978,0.2308125,5.0,5.0
33.58480970103814,22.612276895145126,10.108244540182774,0.0183125,5.0,5.0
35.84125200873044,17.715698816171827,11.397153914824633,0.1003125,5.0,5.0
24.492573044144226,14.820022733979986,13.565411057796824,0.40125,5.0,5.0
21.913781835353017,14.074301292603202,9.348041918475458,0.0334375,5.0,5.0
20.33402237858047,15.710401172473217,7.715108179324882,0.0,5.0,5.0
19.5795880069568,18.495071301215887,6.4748899361247645,0.0,5.0,5.0
20.503667648639635,22.872783442829583,6.282567754974989,0.0,5.0,5.0
15.256700318445407,1.103426008154528,24.753182021779505,0.0,5.0,5.0
13.322606911852002,0.0,0.0,0.0,5.0,5.0
10.611742008136241,0.0,0.0,0.0,5.0,5.0
10.350306470193523,0.0,0.0,0.0,1.875,1.875
10.350306470193523,0.0,0.0,0.0,0.0,0.0
10.350306470193523,0.0,0.0,0.0,0.0,0.0
10.350306470193523,0.0,0.0,0.0,0.0,0.0
10.350306470193523,0.0,0.0,0.0,0.0,0.0
10.350306470193523,0.0,0.0,0.0,0.0,0.0
10.350306470193523,0.0,0.0,0.0,1.25,1.25
10.350306470193523,0.0,0.0,0.0,2.0,2.0
10.350306470193523,0.0,0.0,0.0,2.0,2.0
10.350306470193523,2.8142603058802687,0.9530851730969127,0.0,2.0,2.0
13.134080232505159,4.958484725032747,1.397886677071344,0.0,2.0,2.0
13.23683369079411,4.700689308749525,1.3257208945593824,0.0279375,2.0,2.0
13.043424656732526,3.328451160609973,0.8667479965632233,0.204375,3.25,3.25
12.944917291325197,4.24992800490787,1.7428940036275067,0.5016875,4.0,4.0
12.933047904492726,1.0140069778860528,0.6942585087093894,0.65525,4.0,4.0
12.933047904492726,0.0,0.0,0.72125,4.0,4.0
12.933047904492726,0.0,0.0,0.701125,4.0,4.0
12.937377427475402,0.0,0.0,0.6291875,4.0,4.0
12.982829659791733,0.0,0.0,0.41225,5.25,5.25
13.230800769540885,0.0,0.0,0.0309375,6.0,6.0
13.322606911852002,0.0,0.0,0.0,6.0,6.0
13.322606911852002,0.0,0.0,0.0,6.0,6.0
10.611742008136241,1.0637035002906934,0.5631304315758826,0.0,6.0,6.0
10.350306470193523,2.920618574786236,1.472277646782423,0.0,6.0,6.0
10.350306470193523,2.3109302030165844,0.8945867337831844,0.0,5.375,5.375
10.350306470193523,4.014686396581136,1.2574869986645778,0.0,5.0,5.0
10.350306470193523,3.767522067263449,1.1149446547907458,0.0,5.0,5.0
10.350306470193523,2.977514395973498,0.6990590519839989,0.0,5.0,5.0
13.442889942541491,5.0423371689804775,1.0406579878006148,0.0,5.0,5.0
13.442889942541491,4.679957427909761,0.9881072956419422,0.0,5.0,5.0
13.442889942541491,3.354919210457418,0.6372930483265081,0.0,4.375,4.375
13.442889942541491,5.4522530663777165,0.925478125593458,0.0,4.0,4.0
13.442889942541491,4.788506832081243,0.8542907302017756,0.0,4.0,4.0
13.442889942541491,21.642841349062973,2.5094555442719515,0.0,4.0,4.0
18.336058690846233,83.50524712130418,5.324919596323937,0.0,4.0,4.0
37.017048966946504,96.11451421737743,5.7341458177163425,0.019125,4.0,4.0
83.45436483749785,43.96839700532375,10.92488381254047,0.1085625,4.0,4.0
74.3858406832566,26.25539757982668,12.64876584102195,0.134625,4.0,4.0
72.47349123184303,22.449364875015874,13.140387618683055,0.0106875,4.0,4.0
74.29623696257978,17.637168137449816,15.53245752998631,0.058875,4.0,4.0
75.21995504444162,23.099408579373073,18.023109753765816,0.2355,4.0,4.0
75.91805179513368,10.478743069038478,23.441505007093077,0.1115,4.0,4.0
72.36054091549121,8.083679943166647,28.6928933441456,0.3675,4.0,4.0
75.23102860240984,8.196767785405903,25.364733482695353,0.030625,4.0,4.0
82.19581174416012,10.073019177809996,23.63686384808534,0.0,4.0,4.0
57.41216647569334,27.526713569110058,16.108444888383946,0.0,4.0,4.0
30.156088958162037,27.024616915050533,9.517345723880103,0.0,4.0,4.0
27.57729774937083,25.595990471639045,8.247702602343901,0.0,4.0,4.0
23.92397220829688,28.03542435990898,7.783694019035713,0.0,4.625,4.625
22.634576603901273,29.433952350844567,7.473577161969642,0.0,5.0,5.0
18.98125106282732,0.0,0.0,0.0,5.0,5.0
17.15458829229034,0.0,0.0,0.0,5.0,5.0
13.70432548048421,0.0,0.0,0.0,5.0,5.0
13.442889942541491,0.0,0.0,0.0,5.0,5.0
13.442889942541491,0.0,0.0,0.0,4.375,4.375
13.442889942541491,0.0,0.0,0.0,4.0,4.0
13.442889942541491,0.0,0.0,0.0,4.0,4.0
13.442889942541491,13.75633002762659,4.847074116860908,0.0,4.0,4.0
18.336058690846233,53.412657460782135,8.73485595187087,0.0,4.0,4.0
36.914355706562695,69.99718576487233,6.825756571201285,0.0451875,4.0,4.0
83.92472034313204,28.032569285699783,15.815744528255301,0.2574375,4.0,4.0
74.34235277289693,15.751074666674524,21.67636089902132,0.4459375,4.0,4.0
72.28260950180305,12.004782303619145,25.102364250113514,0.6585625,4.0,4.0
74.21670290839647,9.824223628419038,28.30599886457139,0.7199375,4.0,4.0
75.21995504444162,18.882416188866586,30.000651365534427,0.698,4.0,4.0
75.82844741389097,6.631272194395626,36.13140772225826,0.5331875,4.0,4.0
72.43847232917938,5.2078408827231275,31.746423930479335,0.04075,4.0,4.0
74.95636706512461,5.370239299864665,30.314798658940077,0.0,4.0,4.0
82.19581174416012,6.5934574123842,28.97787636223675,0.0,4.0,4.0
57.41216647569334,21.88888809636702,21.630813715041395,0.0,4.0,4.0
30.156088958162037,19.572401203878126,13.873662812906925,0.0,4.0,4.0
27.57729774937083,17.750695986201723,12.283733239100124,0.0,4.0,4.0
23.92397220829688,19.730571244535017,11.510332445443174,0.0,3.375,3.375
22.634576603901273,21.31895230212407,10.964510716892635,0.0,3.0,3.0
18.98125106282732,0.0,0.0,0.0,3.0,3.0
17.15458829229034,0.0,0.0,0.0,3.0,3.0
13.70432548048421,0.0,0.0,0.0,3.0,3.0
13.442889942541491,0.0,0.0,0.0,3.0,3.0
13.442889942541491,0.0,0.0,0.0,2.375,2.375
13.442889942541491,0.0,0.0,0.0,2.0,2.0
13.442889942541491,0.0,0.0,0.0,2.0,2.0
13.442889942541491,8.789941008273837,2.213790057354218,0.0,2.0,2.0
18.336058690846233,50.294037051232,10.243993110371617,0.0,2.0,2.0
36.914355706562695,65.2224271655007,9.074322602839434,0.0425625,2.0,2.0
84.00022479583595,28.154974745861583,18.512265453986757,0.259875,2.0,2.0
74.38846858321408,13.933283615215927,23.737073305618622,0.4911875,2.0,2.0
72.28260950180305,9.282590297352556,26.596897661714387,0.6401875,2.0,2.0
74.21670290839647,7.222251156650279,31.930288206204988,0.717125,2.0,2.0
75.21995504444162,15.63445317368505,33.1692971537612,0.5749375,2.0,2.0
75.82844741389097,4.085218088334494,35.36564967062091,0.1343125,2.0,2.0
72.80857671318229,4.280209849255595,35.36841629386812,0.36075,3.25,3.25
77.296731086885,4.549456218876851,31.382374233731866,0.0300625,4.0,4.0
82.19581174416012,6.07912377098137,30.215408522218322,0.0,4.0,4.0
57.41216647569334,20.790107375855992,22.856853483630726,0.0,4.0,4.0
30.156088958162037,19.451222722639468,15.37868641067254,0.0,4.0,4.0
27.57729774937083,18.322653413774475,13.564069527211034,0.0,4.0,4.0
23.92397220829688,20.695312797740307,12.6275411918775,0.0,2.75,2.75
22.634576603901273,22.711356920313047,11.999953559352106,0.0,2.0,2.0
18.98125106282732,0.0,0.0,0.0,2.0,2.0
17.15458829229034,0.0,0.0,0.0,2.0,2.0
10.611742008136241,0.0,0.0,0.0,2.0,2.0
10.350306470193523,0.0,0.0,0.0,2.0,2.0
10.350306470193523,0.0,0.0,0.0,0.75,0.75
10.350306470193523,0.0,0.0,0.0,0.0,0.0
10.350306470193523,0.0,0.0,0.0,0.0,0.0
10.350306470193523,0.0,0.0,0.0,0.0,0.0
13.134080232505159,0.0,0.0,0.0,0.0,0.0
13.322606911852002,0.0,0.0,0.0,0.0,0.0
13.178694570585625,0.0,0.0,0.0,1.25,1.25
13.003794928110123,0.0,0.0,0.0,2.0,2.0
12.961497665984833,0.0,0.0,0.0,2.0,2.0
12.95260370008865,0.0,0.0,0.0,2.0,2.0
12.950365996423427,0.0,0.0,0.0,2.0,2.0
12.963913807797235,0.0,0.0,0.0,2.0,2.0
13.016346331254635,0.0,0.0,0.0,2.625,2.625
13.223345192404178,0.0,0.0,0.0,3.0,3.0
13.322606911852002,0.0,0.0,0.0,3.0,3.0
13.322606911852002,0.0,0.0,0.0,3.0,3.0
10.611742008136241,0.0,0.0,0.0,3.0,3.0
10.350306470193523,2.2388010302202797,0.8905190539208777,0.0,3.0,3.0
10.350306470193523,2.672725059655586,0.8526976851344138,0.0,3.625,3.625
10.350306470193523,4.965685949036487,1.2473112041247036,0.0,4.0,4.0
10.350306470193523,4.793309836708409,1.1505631311929063,0.0,4.0,4.0
10.350306470193523,3.7090564893282907,0.7357451396838938,0.0,4.0,4.0
13.442889942541491,5.973861607840866,1.0830395787213523,0.0,4.0,4.0
13.442889942541491,5.466096094025184,1.0078201576208157,0.0,4.0,4.0
13.442889942541491,3.8998653292308956,0.6447047745108577,0.0,3.375,3.375
13.442889942541491,6.319168352728289,0.9267599259879189,0.0,3.0,3.0
13.442889942541491,5.986304196222263,0.8635843864978461,0.0,3.0,3.0
13.442889942541491,27.287507032069655,6.6328073236239735,0.0,3.0,3.0
18.336058690846233,88.70625685842097,4.723578115730833,0.0,3.0,3.0
37.427287794983336,101.22732604799755,5.810574449746439,0.0,3.0,3.0
85.49012006526485,56.5393512741099,11.602799843101547,0.0,3.0,3.0
74.76221289572517,41.80763647211747,12.60291962269345,0.0,3.0,3.0
72.48356089833652,32.06187318422742,12.695531614573737,0.0,3.0,3.0
74.31214377341647,25.639648769888133,14.15663157151179,0.0,3.0,3.0
75.31539590946161,33.21819143755986,13.543999150713674,0.0,3.0,3.0
76.08982143334667,21.53638779308501,17.46277775222674,0.0,3.0,3.0
72.9530644921235,19.806931307580122,17.538717285372257,0.0,3.0,3.0
76.17116534541249,20.046325711700963,18.035673240068874,0.0,3.0,3.0
82.19581174416012,22.363959918199914,20.015152797299432,0.0,3.0,3.0
57.41216647569334,40.243715987805004,13.84201091013401,0.0,3.0,3.0
30.156088958162037,43.80451280060807,9.12771360957044,0.0,3.0,3.0
27.57729774937083,39.0120510523133,7.864843628640069,0.0,3.0,3.0
23.92397220829688,37.94220995814054,7.417398996070752,0.0,1.125,1.125
22.634576603901273,37.396685515668146,6.905357220093645,0.0,0.0,0.0
18.98125106282732,0.0,0.0,0.0,0.0,0.0
17.15458829229034,0.0,0.0,0.0,0.0,0.0
10.611742008136241,0.0,0.0,0.0,0.0,0.0
10.350306470193523,0.0,0.0,0.0,0.0,0.0
10.350306470193523,0.0,0.0,0.0,0.0,0.0
10.350306470193523,0.0,0.0,0.0,0.0,0.0
10.350306470193523,0.0,0.0,0.0,0.0,0.0
10.350306470193523,11.090876676743974,1.8012692160819324,0.0,0.0,0.0
18.336058690846233,55.582227472440444,8.510165969057542,0.0,0.0,0.0
23.920247488118378,64.76277801625338,6.252456999740117,0.045375,0.0,0.0
32.76289758293189,37.756949622553165,7.0747961208538195,0.260625,1.25,1.25
34.5970962479995,26.40013074207779,9.713197279044316,0.331625,2.0,2.0
33.58480970103814,22.641980774569358,9.431360329841139,0.1533125,2.0,2.0
35.84125200873044,17.938023459734577,14.81033915345285,0.6395625,2.0,2.0
24.492573044144226,16.053433100757083,14.390718346145762,0.6903125,2.0,2.0
21.913781835353017,12.640568489426826,16.573191689065723,0.614875,2.0,2.0
20.394028054737728,11.489838404984846,16.24785361011439,0.392,2.625,2.625
19.879421519777203,14.19546409116862,8.071336647530371,0.0293125,3.0,3.0
20.503667648639635,19.43880602652897,5.441825522301519,0.0,3.0,3.0
15.256700318445407,1.053850535468685,24.79224696630454,0.0,3.0,3.0
13.322606911852002,0.0,0.0,0.0,3.0,3.0
10.611742008136241,0.0,0.0,0.0,3.0,3.0
10.350306470193523,0.0,0.0,0.0,3.0,3.0
10.350306470193523,0.0,0.0,0.0,3.0,3.0
10.350306470193523,0.0,0.0,0.0,3.0,3.0
10.350306470193523,0.0,0.0,0.0,3.0,3.0
10.350306470193523,0.0,0.0,0.0,3.0,3.0
10.350306470193523,0.0,0.0,0.0,3.0,3.0
10.350306470193523,0.0,0.0,0.0,4.25,4.25
10.350306470193523,0.0,0.0,0.0,5.0,5.0
10.350306470193523,0.0,0.0,0.0,5.0,5.0
10.350306470193523,0.0,0.0,0.0,5.0,5.0
13.134080232505159,0.0,0.0,0.0,5.0,5.0
13.322606911852002,0.0,0.0,0.0,5.0,5.0
13.13865853425355,0.0,0.0,0.0,4.375,4.375
12.977137149883673,0.0,0.0,0.0,4.0,4.0
12.94812788907905,0.0,0.0,0.0,4.0,4.0
12.943652445050503,0.0,0.0,0.0,4.0,4.0
12.945330832893735,0.0,0.0,0.0,4.0,4.0
12.950365996423427,0.0,0.0,0.0,4.0,4.0
12.993458347433837,0.0,0.0,0.0,2.75,2.75
13.184864716931221,0.0,0.0,0.0,2.0,2.0
13.322606911852002,0.0,0.0,0.0,2.0,2.0
13.322606911852002,0.0,0.0,0.0,2.0,2.0
10.611742008136241,2.2649434303283567,0.7426405193404364,0.0,2.0,2.0
10.350306470193523,2.6394804563290957,0.6909540350494433,0.0,2.0,2.0
10.350306470193523,5.4700928202276975,0.9810306980168063,0.0,3.25,3.25
10.350306470193523,5.300650847642136,0.8859329497633771,0.0,4.0,4.0
10.350306470193523,4.003852207735638,0.5530741454882184,0.0,4.0,4.0
10.350306470193523,7.419887491349616,0.8049748657974592,0.0,4.0,4.0
13.442889942541491,7.022402487902166,0.7861784525236055,0.0,4.0,4.0
13.442889942541491,5.361599100786158,0.47938862652958064,0.0,4.0,4.0
13.442889942541491,12.301190993417384,1.6359719312407355,0.0,4.625,4.625
13.442889942541491,14.02719251607315,1.8092191977644445,0.0,5.0,5.0
13.442889942541491,13.428359823913251,2.1050542662666474,0.0,5.0,5.0
13.442889942541491,56.58377251884699,5.544271594586741,0.0,5.0,5.0
18.336058690846233,117.69989142347607,2.925785505542762,0.0,5.0,5.0
36.816967192987974,122.07246600426811,5.532203310985779,0.0680625,5.0,5.0
82.84907406596882,62.508817198726916,8.817321012045436,0.27225,4.375,4.375
74.31214377341647,51.93088037343444,10.609111161126688,0.0226875,4.0,4.0
72.28260950180305,44.47149127416888,11.234930082030267,0.0,4.0,4.0
74.21670290839647,37.42726724418877,12.22139234447606,0.0,4.0,4.0
75.21995504444162,44.546092852994114,11.216210884287616,0.0,4.0,4.0
75.82844741389097,34.150115907537774,14.535066041143281,0.0,4.0,4.0
72.48619276168938,30.86119443264476,15.259821303017398,0.0,4.625,4.625
77.26904671106223,32.10279707950142,15.924203938185336,0.0,5.0,5.0
82.19581174416012,37.67453905424306,17.044292227449766,0.0,5.0,5.0
57.41216647569334,56.77104258330878,11.500057390401421,0.0,5.0,5.0
30.156088958162037,63.40265636280511,7.5676318038032475,0.0,5.0,5.0
27.57729774937083,58.37731537166392,6.378418872225386,0.0,5.0,5.0
23.92397220829688,57.81789600682853,5.864060990221955,0.0,4.375,4.375
22.634576603901273,56.877255551491025,4.624582884304125,0.0,4.0,4.0
18.98125106282732,0.0,0.0,0.0,4.0,4.0
17.15458829229034,0.0,0.0,0.0,4.0,4.0
13.70432548048421,3.968594478446512,1.155085651106409,0.0,4.0,4.0
13.442889942541491,4.690124973723567,1.0386634294849286,0.0,4.0,4.0
13.442889942541491,9.946745069694364,1.4453337344170218,0.0,4.625,4.625
13.442889942541491,12.577576622155892,2.7856144152411493,0.0,5.0,5.0
13.442889942541491,12.520927299837474,3.4212696187776546,0.0,5.0,5.0
13.442889942541491,54.80038652496503,6.089636622079535,0.0,5.0,5.0
18.336058690846233,104.53894464272177,4.92919148671993,0.0,5.0,5.0
37.180549723017094,112.37800891775834,5.970184905664104,0.027375,5.0,5.0
84.66248530927474,66.04322431905659,12.103499858799427,0.2203125,4.375,4.375
74.43618901572407,39.96688094033183,13.529700944761162,0.5170625,4.0,4.0
72.39818969981003,34.196567255554385,16.113395657722176,0.4310625,4.0,4.0
74.21670290839647,27.531742140483367,20.623496677708204,0.654,4.0,4.0
75.21995504444162,36.8602925150783,20.49447172207469,0.5286875,4.0,4.0
75.854424551787,22.258900774948174,25.420442830791,0.59525,4.0,4.0
72.94429888643985,18.98849709975899,24.534991640815676,0.3826875,4.625,4.625
78.20393345547093,23.498745074014266,19.98166433485506,0.0285625,5.0,5.0
82.19581174416012,27.88917051495906,21.00461636287404,0.0,5.0,5.0
57.41216647569334,45.39774713603493,15.15156310097797,0.0,5.0,5.0
30.156088958162037,50.84599782512432,9.83236142299926,0.0,5.0,5.0
27.57729774937083,46.804567547687256,8.474355727201011,0.0,5.0,5.0
23.92397220829688,48.4288013890351,7.860851059519251,0.0,4.375,4.375
22.634576603901273,49.809783186630526,7.355066631307242,0.0,4.0,4.0
18.98125106282732,0.0,0.0,0.0,4.0,4.0
17.15458829229034,0.0,0.0,0.0,4.0,4.0
13.70432548048421,3.7131615595259557,1.3057969523278405,0.0,4.0,4.0
13.442889942541491,7.3849021511553214,1.7592312798897514,0.0,4.0,4.0
13.442889942541491,7.576209555784648,1.5863239049357538,0.0,3.375,3.375
13.442889942541491,5.875503177900356,0.9982440496328757,0.0,3.0,3.0
13.442889942541491,9.750142115922094,1.3581587487176174,0.0,3.0,3.0
13.442889942541491,42.279157177648926,7.338371206953226,0.0,3.0,3.0
18.336058690846233,92.87060572688512,6.528022775807713,0.0,3.0,3.0
36.816967192987974,101.48538058475164,6.094037079516605,0.06525,3.0,3.0
82.75363320094884,52.42177149383885,12.810508509750623,0.3643125,3.625,3.625
74.21670290839647,31.76334700564199,16.630204688203413,0.435,4.0,4.0
72.28260950180305,33.235811223896214,16.139618320216314,0.0344375,4.0,4.0
74.21670290839647,31.292748782093067,16.94969212377396,0.0,4.0,4.0
75.21995504444162,38.40411558416677,16.640970383757594,0.0,4.0,4.0
75.82844741389097,30.675403342990986,19.446027588826635,0.0,4.0,4.0
72.53231055370422,25.58198264085149,18.380595111837852,0.0,3.375,3.375
76.70938606443657,23.750993481628058,19.483157351898598,0.0,3.0,3.0
82.19581174416012,28.61036141344642,21.12087049636995,0.0,3.0,3.0
57.41216647569334,44.32550442806478,15.468536650194343,0.0,3.0,3.0
30.156088958162037,49.26232371210168,10.501508919227016,0.0,3.0,3.0
27.57729774937083,45.373277832933,8.988262106533828,0.0,3.0,3.0
23.92397220829688,47.38438362284285,8.313623221234552,0.0,2.375,2.375
22.634576603901273,49.271503440841414,7.825845281185112,0.0,2.0,2.0
18.98125106282732,0.0,0.0,0.0,2.0,2.0
17.15458829229034,0.0,0.0,0.0,2.0,2.0
13.70432548048421,0.0,0.0,0.0,2.0,2.0
13.442889942541491,6.730609882017111,1.789155038659034,0.0,2.0,2.0
13.442889942541491,5.9253101982887815,1.5703864703877148,0.0,0.75,0.75
13.442889942541491,4.495862249428551,0.994798665228253,0.0,0.0,0.0
13.442889942541491,7.7275683773160715,1.3751442923149773,0.0,0.0,0.0
13.442889942541491,36.036721853016,7.754823572936826,0.0,0.0,0.0
18.336058690846233,96.94879294382196,6.925964467603755,0.0,0.0,0.0
37.10913768677253,106.39231469041874,6.479814820899714,0.0178125,0.0,0.0
83.99510654825104,66.66307950801348,12.723861366745966,0.07125,0.0,0.0
74.88626011973048,57.634885606158726,13.064065886332097,0.0059375,0.0,0.0
72.46604946530701,47.60850590968819,13.924362435580312,0.0519375,0.0,0.0
74.21670290839647,31.982807358476986,16.211888765934614,0.20775,0.0,0.0
75.37902315280826,41.77518965273329,15.69736351025746,0.0173125,0.0,0.0
76.01189001965851,32.546533466360124,18.75150730209301,0.084375,0.0,0.0
72.36054091549121,21.269448314378213,21.685700987816638,0.3375,1.875,1.875
77.19111727907176,24.72169818177489,19.886441929704418,0.028125,3.0,3.0
82.19581174416012,29.652796682214976,21.133827230580028,0.0,3.0,3.0
57.41216647569334,45.572042118069184,15.33858332479189,0.0,3.0,3.0
30.156088958162037,50.54325347697153,10.57438215887372,0.0,3.0,3.0
27.57729774937083,45.885192295888324,8.924577287346024,0.0,3.0,3.0
23.92397220829688,47.601732692936,8.322540281660858,0.0,3.0,3.0
22.634576603901273,48.275337051230586,7.798249211096892,0.0,3.0,3.0
18.98125106282732,0.0,0.0,0.0,3.0,3.0
17.15458829229034,0.0,0.0,0.0,3.0,3.0
13.70432548048421,0.0,0.0,0.0,3.0,3.0
13.442889942541491,0.0,0.0,0.0,3.0,3.0
13.442889942541491,0.0,0.0,0.0,1.75,1.75
13.442889942541491,0.0,0.0,0.0,1.0,1.0
13.442889942541491,0.0,0.0,0.0,1.0,1.0
13.442889942541491,20.670894376500176,6.507287369243837,0.0,1.0,1.0
18.336058690846233,71.47077537886064,7.888156163738845,0.0,1.0,1.0
36.888379229232534,83.00113973881939,6.269032040541455,0.066375,1.0,1.0
83.2276340829841,39.3236585335478,13.843280604556057,0.2655,2.25,2.25
74.31214377341647,29.1214830699566,16.09914325980596,0.1575,3.0,3.0
72.28260950180305,16.809327200921352,22.181424388397858,0.5415,3.0,3.0
74.21670290839647,14.177674536926954,21.14242642726752,0.045125,3.0,3.0
75.21995504444162,23.00334943727111,20.709933867060798,0.0,3.0,3.0
75.82844741389097,11.681243583610758,25.071631285038904,0.0838125,3.0,3.0
72.43847232917938,7.6271405727557555,28.6071804289602,0.33525,3.0,3.0
77.69752437642252,8.145467692901871,25.892202198501515,0.0279375,3.0,3.0
82.19581174416012,10.018555683019878,24.624014356057067,0.0,3.0,3.0
57.41216647569334,26.962292424563117,19.160263551785583,0.0,3.0,3.0
30.156088958162037,27.45708538901101,12.502070296604296,0.0,3.0,3.0
27.57729774937083,25.91992659456121,10.471974071777893,0.0,3.0,3.0
23.92397220829688,28.62309121110648,9.588697198423283,0.0,1.75,1.75
22.634576603901273,30.803306511588932,9.109126631900136,0.0,1.0,1.0
18.98125106282732,0.0,0.0,0.0,1.0,1.0
17.15458829229034,0.0,0.0,0.0,1.0,1.0
10.611742008136241,0.0,0.0,0.0,1.0,1.0
10.350306470193523,0.0,0.0,0.0,1.0,1.0
10.350306470193523,0.0,0.0,0.0,0.375,0.375
10.350306470193523,0.0,0.0,0.0,0.0,0.0
10.350306470193523,0.0,0.0,0.0,0.0,0.0
10.350306470193523,16.096876434038766,5.5511830049307385,0.0,0.0,0.0
18.336058690846233,58.93712596526128,9.363845119866154,0.0,0.0,0.0
23.952711151486685,66.4022714475059,7.187160285166114,0.0433125,0.0,0.0
32.59409703311261,38.79772360854429,8.23499704983754,0.2518125,1.875,1.875
34.55185640433484,24.706887857814774,12.056286612620749,0.433875,3.0,3.0
33.58480970103814,18.01038666620174,15.22217876592667,0.4469375,3.0,3.0
35.84125200873044,14.6906093281393,12.447850311865748,0.0350625,3.0,3.0
24.492573044144226,16.611128900525284,8.21236373657835,0.0,3.0,3.0
21.913781835353017,14.41183235195558,8.276273463522859,0.08325,3.0,3.0
20.328014467754564,11.238833463581091,12.265550136831852,0.333,3.625,3.625
19.88403467443218,14.62790764248063,7.103650694191297,0.02775,4.0,4.0
20.503667648639635,20.368144851564697,5.592932440076082,0.0,4.0,4.0
15.256700318445407,0.9435778513891317,24.73624158876615,0.0,4.0,4.0
13.322606911852002,0.0,0.0,0.0,4.0,4.0
10.611742008136241,0.0,0.0,0.0,4.0,4.0
10.350306470193523,0.0,0.0,0.0,3.375,3.375
10.350306470193523,0.0,0.0,0.0,3.0,3.0
10.350306470193523,0.0,0.0,0.0,3.0,3.0
10.350306470193523,0.0,0.0,0.0,3.0,3.0
10.350306470193523,0.0,0.0,0.0,3.0,3.0
10.350306470193523,0.0,0.0,0.0,3.0,3.0
10.350306470193523,0.0,0.0,0.0,3.625,3.625
10.350306470193523,0.0,0.0,0.0,4.0,4.0
10.350306470193523,0.0,0.0,0.0,4.0,4.0
10.350306470193523,0.0,0.0,0.0,4.0,4.0
13.134080232505159,0.0,0.0,0.0,4.0,4.0
13.24577757907463,0.0,0.0,0.0193125,4.0,4.0
12.999059812833526,0.0,0.0,0.1125,4.625,4.625
12.938261029094233,0.0,0.0,0.194875,5.0,5.0
12.933047904492726,0.0,0.0,0.2015,5.0,5.0
12.943652445050503,0.0,0.0,0.0158125,5.0,5.0
12.943652445050503,0.0,0.0,0.0,5.0,5.0
12.94156077252547,0.0,0.0,0.082875,5.0,5.0
12.938820601802961,0.0,0.0,0.3315,4.375,4.375
13.213914738785153,0.0,0.0,0.027625,4.0,4.0
13.322606911852002,0.0,0.0,0.0,4.0,4.0
13.322606911852002,0.0,0.0,0.0,4.0,4.0
10.611742008136241,0.0,0.0,0.0,4.0,4.0
10.350306470193523,0.0,0.0,0.0,4.0,4.0
10.350306470193523,0.0,0.0,0.0,3.375,3.375
10.350306470193523,0.0,0.0,0.0,3.0,3.0
10.350306470193523,0.0,0.0,0.0,3.0,3.0
10.350306470193523,0.0,0.0,0.0,3.0,3.0
13.442889942541491,0.0,0.0,0.0,3.0,3.0
13.442889942541491,0.0,0.0,0.0,3.0,3.0
13.442889942541491,0.0,0.0,0.0,3.625,3.625
13.442889942541491,0.0,0.0,0.0,4.0,4.0
13.442889942541491,0.0,0.0,0.0,4.0,4.0
13.442889942541491,0.0,0.0,0.0,4.0,4.0
18.336058690846233,55.58117068641304,7.5008070184354105,0.0,4.0,4.0
37.40130884112298,86.61771559208337,5.7869820734419815,0.0075,4.0,4.0
85.15953817069504,40.34245916122219,11.512785496481367,0.03,7.125,7.125
75.60338425252993,32.77585684784184,12.663272514643815,0.0206875,9.0,9.0
72.51960704216017,26.958880428962,13.513027209628422,0.094875,9.0,9.0
74.40758463843643,24.801316089237687,15.063862405932452,0.12025,9.0,9.0
75.4108367744816,36.0853613382141,14.197855156739617,0.1403125,9.0,9.0
76.07975110628728,26.567355621270917,17.690903580633115,0.1739375,9.0,9.0
72.96443954055863,22.041315880359935,18.407925273008324,0.1885625,6.5,6.5
78.06762677872774,25.34664001654198,18.156444140966713,0.014875,5.0,5.0
82.19581174416012,29.489134420512233,19.991395887542588,0.0,5.0,5.0
57.41216647569334,47.14913787597846,13.593054880857766,0.0,5.0,5.0
30.156088958162037,51.84960422919308,9.074860611667837,0.0,5.0,5.0
27.57729774937083,46.3899194845583,7.852826662590499,0.0,5.0,5.0
23.92397220829688,46.020940394577714,7.334956817425511,0.0,3.75,3.75
22.634576603901273,45.566545038997326,6.584656750128166,0.0,3.0,3.0
18.98125106282732,0.0,0.0,0.0,3.0,3.0
17.15458829229034,0.0,0.0,0.0,3.0,3.0
13.70432548048421,0.0,0.0,0.0,3.0,3.0
13.442889942541491,0.0,0.0,0.0,3.0,3.0
13.442889942541491,0.0,0.0,0.0,2.375,2.375
13.442889942541491,3.254800187295488,1.054348827885185,0.0,2.0,2.0
13.442889942541491,5.967249233623546,1.4921365246752571,0.0,2.0,2.0
13.442889942541491,28.48837067934012,8.58109476050694,0.0,2.0,2.0
18.336058690846233,78.33251532790533,6.985582203674156,0.0,2.0,2.0
36.97734920984919,90.710332130469,6.120774097304866,0.0495,2.0,2.0
83.47368381339113,43.2596049840163,12.943801083042912,0.2889375,1.375,1.375
74.21670290839647,24.60497948435898,17.914062566057606,0.38025,1.0,1.0
72.28260950180305,23.67868779798732,16.938736523256065,0.0303125,1.0,1.0
74.21670290839647,21.165836222442,17.701221350170222,0.0,1.0,1.0
75.21995504444162,27.872644198617646,18.398929592235444,0.1179375,1.0,1.0
75.82844741389097,13.80898358716035,27.23695042787388,0.47175,1.0,1.0
72.5943351565557,12.822157449574185,22.97461691108207,0.0393125,1.625,1.625
77.4161419510572,15.01043165411443,20.839033573141144,0.0,2.0,2.0
82.19581174416012,17.702523825197893,21.706254564863972,0.0,2.0,2.0
57.41216647569334,34.89503346639392,17.27234900673543,0.0,2.0,2.0
30.156088958162037,37.09235155876113,11.256886458116238,0.0,2.0,2.0
27.57729774937083,33.40729827117602,9.590718864176973,0.0,2.0,2.0
23.92397220829688,35.632023713467426,8.899913975189394,0.0,2.0,2.0
22.634576603901273,37.56332056971223,8.460815382238994,0.0,2.0,2.0
18.98125106282732,0.0,0.0,0.0,2.0,2.0
17.15458829229034,0.0,0.0,0.0,2.0,2.0
13.70432548048421,0.0,0.0,0.0,2.0,2.0
13.442889942541491,0.0,0.0,0.0,2.0,2.0
13.442889942541491,0.0,0.0,0.0,0.75,0.75
13.442889942541491,0.0,0.0,0.0,0.0,0.0
13.442889942541491,0.0,0.0,0.0,0.0,0.0
13.442889942541491,22.062699432184747,9.859182778771562,0.0,0.0,0.0
18.336058690846233,73.7675155796798,8.75419802285106,0.0,0.0,0.0
37.10913768677253,86.02371595942739,6.772711635587029,0.0316875,0.0,0.0
84.3703197685506,48.531439215407055,13.41941229136125,0.12675,0.625,0.625
74.5157230699074,37.608156533128856,15.396623082752761,0.089125,1.0,1.0
72.28260950180305,23.725350079365956,19.529635921893693,0.4335,1.0,1.0
74.21670290839647,17.227268390558287,24.10319173228443,0.613625,1.0,1.0
75.21995504444162,24.857336855925947,25.949974126382127,0.59925,1.0,1.0
75.88623817346034,10.550078499758852,31.637122281192678,0.5895625,1.0,1.0
72.96443954055863,9.198673344064272,30.10337140923692,0.36625,2.875,2.875
78.25165388798095,11.52047753178438,25.04499236080347,0.02725,4.0,4.0
82.19581174416012,14.339232115392408,23.94844685200765,0.0,4.0,4.0
57.41216647569334,32.238108617327434,19.352091181859155,0.0,4.0,4.0
30.156088958162037,35.039142702552525,12.498878668559096,0.0,4.0,4.0
27.57729774937083,32.10198462937477,10.816188706631769,0.0,4.0,4.0
23.92397220829688,34.93299748023174,9.995637736725913,0.0,4.0,4.0
22.634576603901273,36.79737641191783,9.444566247507389,0.0,4.0,4.0
18.98125106282732,0.0,0.0,0.0,4.0,4.0
17.15458829229034,0.0,0.0,0.0,4.0,4.0
13.70432548048421,0.0,0.0,0.0,4.0,4.0
13.442889942541491,1.8792100205989788,0.6846824680948225,0.0,4.0,4.0
13.442889942541491,5.696947106310456,1.8704292293274702,0.0,4.0,4.0
13.442889942541491,4.491706867230036,1.1568269443508228,0.0,4.0,4.0
13.442889942541491,9.073474660769856,1.6817003142069984,0.0,4.0,4.0
13.442889942541491,37.74824258825343,8.73544129831978,0.0,4.0,4.0
18.336058690846233,81.94530331187708,8.7513988457625,0.0,4.0,4.0
37.011746696667615,92.21045799347229,6.8971353853525805,0.0463125,4.0,4.0
83.72396606594845,50.27262336669233,13.59548281996227,0.27075,4.0,4.0
74.27449300739995,32.746312598811976,16.9855065910781,0.3574375,4.0,4.0
72.28260950180305,30.032872325091446,17.859632570368202,0.1625625,4.0,4.0
74.21670290839647,21.235010984826435,22.443120540905696,0.53625,4.0,4.0
75.21995504444162,31.42641069341379,22.21438994981391,0.16225,4.0,4.0
75.82844741389097,19.417534205706016,26.597365833886112,0.47025,4.0,4.0
72.61024196739237,18.526310720632726,22.38706594973685,0.0391875,4.0,4.0
78.11374258904489,21.987909214758186,20.365938634239203,0.0,4.0,4.0
82.19581174416012,25.560999947723186,22.02504114071682,0.0,4.0,4.0
57.41216647569334,42.160080948224746,17.578028383487805,0.0,4.0,4.0
30.156088958162037,46.78978064224175,11.807244268635802,0.0,4.0,4.0
27.57729774937083,42.71219378619189,10.23178461502756,0.0,4.0,4.0
23.92397220829688,44.087634360439054,9.51877559955194,0.0,3.375,3.375
22.634576603901273,45.1906460642483,8.995201945149455,0.0,3.0,3.0
18.98125106282732,0.0,0.0,0.0,3.0,3.0
17.15458829229034,0.0,0.0,0.0,3.0,3.0
13.70432548048421,0.0,0.0,0.0,3.0,3.0
13.442889942541491,3.580892427029103,1.283656533506563,0.0,3.0,3.0
13.442889942541491,6.976776429958393,1.7714955482874604,0.0,3.0,3.0
13.442889942541491,7.710037013585398,1.623769285978368,0.0,3.0,3.0
13.442889942541491,6.235348400646165,1.0289004645850697,0.0,3.0,3.0
13.442889942541491,40.95638593735819,8.673966325779618,0.0,3.0,3.0
18.336058690846233,90.2076177584705,7.9582337868123805,0.0,3.0,3.0
36.91435636712859,98.25940685812242,6.461748917986233,0.0564375,3.0,3.0
83.20165760565393,53.23035847361503,13.027700951852628,0.22575,1.75,1.75
74.43618901572408,44.76723879182625,14.719489150571649,0.0188125,1.0,1.0
72.28260950180305,39.269132427533556,15.772365429696615,0.0,1.0,1.0
74.21670290839647,33.61386862983413,16.988291868895622,0.0,1.0,1.0
75.21995504444162,36.402289950072664,17.089719710716782,0.117375,1.0,1.0
75.82844741389097,21.15705252762481,25.452794850053284,0.4695,1.0,1.0
72.5423808807636,21.136663938268118,20.637788378229853,0.039125,2.25,2.25
77.26904671106223,24.3070808273944,19.786295154213043,0.0,3.0,3.0
82.19581174416012,29.186512794302043,21.406472746655346,0.0,3.0,3.0
57.41216647569334,45.178307337124224,16.175400844050188,0.0,3.0,3.0
30.156088958162037,50.315272469522064,11.363180079103799,0.0,3.0,3.0
27.57729774937083,45.9280669233418,9.543107633277842,0.0,3.0,3.0
23.92397220829688,47.41034541662475,8.881808850644653,0.0,2.375,2.375
22.634576603901273,48.37205629481852,8.282925903258793,0.0,2.0,2.0
18.98125106282732,0.0,0.0,0.0,2.0,2.0
17.15458829229034,0.0,0.0,0.0,2.0,2.0
10.611742008136241,0.0,0.0,0.0,2.0,2.0
10.350306470193523,3.7116265948332234,1.1988300504608846,0.0,2.0,2.0
10.350306470193523,7.129163712868636,1.641785614094714,0.0,2.0,2.0
10.350306470193523,7.728153037097448,1.4968871107028094,0.0,2.0,2.0
10.350306470193523,5.717664580028285,0.9132732359630775,0.0,2.0,2.0
10.350306470193523,40.64595525580792,7.811684464764499,0.0,2.0,2.0
18.336058690846233,88.03376591878533,7.151529385945366,0.0,2.0,2.0
23.920247708307013,98.52090649089516,4.334006824213802,0.0676875,2.0,2.0
32.49670851953789,60.81788346657314,6.815099335597542,0.27075,2.0,2.0
34.61300305883616,57.68454339915344,7.562614637134945,0.0225625,2.0,2.0
33.58480970103814,52.960551771201004,7.587235744909556,0.0,2.0,2.0
35.84125200873044,47.33294413130309,7.9576242053836586,0.0,2.0,2.0
24.492573044144226,47.941258835121694,6.068923379247236,0.0,2.0,2.0
21.913781835353017,46.18114858115977,5.01809503528605,0.0,2.0,2.0
20.343654171842033,47.179386601884666,3.819860703269587,0.0,3.25,3.25
19.843714593672768,49.656134613462854,2.981744568204772,0.0,4.0,4.0
20.503667648639635,57.12964829287008,2.9069470918325413,0.0,4.0,4.0
15.256700318445407,2.537030925293565,20.514854885920027,0.0,4.0,4.0
13.322606911852002,1.3597267798073105,0.2820043388783706,0.0,4.0,4.0
10.611742008136241,6.940657331917664,1.6989901995995857,0.0,4.0,4.0
10.350306470193523,6.40768827361103,1.0017485475139376,0.0,4.0,4.0
10.350306470193523,14.65027916509298,4.423472110839862,0.0,4.0,4.0
10.350306470193523,14.068609766682792,3.8970488133546937,0.0,4.0,4.0
10.350306470193523,12.369760621718697,2.4882419667506928,0.0,4.0,4.0
10.350306470193523,21.556330440944098,5.3748215313094105,0.0,4.0,4.0
10.350306470193523,19.663795112496697,4.7079731209960185,0.0,4.0,4.0
10.350306470193523,13.736394270488375,3.6305902064786904,0.0,2.75,2.75
10.350306470193523,21.0798736253264,5.411783702172601,0.0,2.0,2.0
10.350306470193523,22.559648841083796,5.07944710091667,0.0,2.0,2.0
10.350306470193523,18.08001391341366,5.1544744339496,0.0,2.0,2.0
13.134080232505159,27.045688702804032,5.680008253042189,0.0,2.0,2.0
13.24577757907463,24.355902286994887,4.268248839987752,0.0290625,2.0,2.0
13.001151522056665,15.672142985012028,4.543472622264597,0.24,2.625,2.625
12.933047904492726,16.49283394655137,3.540286249556208,0.57725,3.0,3.0
12.933047904492726,14.065279640769257,2.605232419141954,0.3315,3.0,3.0
12.933047904492726,10.281889703246339,1.468146157226392,0.0241875,3.0,3.0
12.933047904492726,16.915719983651744,2.090458724063343,0.0,3.0,3.0
12.933047904492726,13.959179954856607,1.9650703902671394,0.0804375,3.0,3.0
12.951249708136578,8.592294821567567,1.4507632102381889,0.32175,3.625,3.625
13.221974199936774,20.554487784779784,2.0755521255407454,0.0268125,4.0,4.0
13.322606911852002,26.214610961704416,4.934424932236016,0.0,4.0,4.0
13.322606911852002,17.967606031729296,2.982551670389611,0.0,4.0,4.0
10.611742008136241,31.65398125209979,4.143678185334497,0.0,4.0,4.0
10.350306470193523,27.31137737560272,3.796013085151159,0.0,4.0,4.0
10.350306470193523,18.936282860804557,2.4890108314648023,0.0,2.75,2.75
10.350306470193523,30.07532209736877,3.7100707054448847,0.0,2.0,2.0
10.350306470193523,26.21817496244322,3.5525097983733303,0.0,2.0,2.0
10.350306470193523,20.040795707766787,2.34523838898507,0.0,2.0,2.0
13.442889942541491,32.92249172251283,3.554809596608196,0.0,2.0,2.0
13.442889942541491,28.38036824924861,3.4434737775148436,0.0,2.0,2.0
13.442889942541491,20.177268266834044,2.2867897618851742,0.0,1.375,1.375
13.442889942541491,32.32560443400898,3.424309219766446,0.0,1.0,1.0
13.442889942541491,28.047129456227587,3.295463086674464,0.0,1.0,1.0
13.442889942541491,60.62599864814819,1.7200399519336502,0.0,1.0,1.0
18.336058690846233,171.2467840356705,0.10223701803847644,0.0,1.0,1.0
37.066876818821065,168.74745112919638,1.427542863466914,0.0350625,1.0,1.0
83.62954267737206,110.85658428897705,7.082312635723926,0.14025,2.25,2.25
74.4680026373974,93.40535568291857,7.188712792940864,0.09925,3.0,3.0
72.28260950180305,65.78815352413677,7.223814658333651,0.35025,3.0,3.0
74.21670290839647,62.468031601601965,7.563792215301006,0.0291875,3.0,3.0
75.21995504444162,66.51185049132312,7.890069328320429,0.117,3.0,3.0
75.82844741389097,38.2063109735824,11.615621568611404,0.468,3.0,3.0
72.766102813071,38.2671836644101,10.333653234871566,0.039,2.375,2.375
78.14555621071823,40.28219857630875,10.875855490530151,0.0,2.0,2.0
82.19581174416012,42.65792661683616,12.03390348824258,0.0,2.0,2.0
57.41216647569334,63.54802282882683,8.37497077236995,0.0,2.0,2.0
30.156088958162037,69.95374066560836,6.727538439769001,0.0,2.0,2.0
27.57729774937083,64.14793243106709,4.887482598341377,0.0,2.0,2.0
23.92397220829688,64.75663254196412,4.052870844776298,0.0,2.0,2.0
22.634576603901273,64.74369331582314,2.8877774218176637,0.0,2.0,2.0
18.98125106282732,0.0,0.0,0.0,2.0,2.0
17.15458829229034,0.0,0.0,0.0,2.0,2.0
13.70432548048421,1.9689426212668237,0.5308723833653742,0.0,2.0,2.0
13.442889942541491,5.91073478337371,1.4041010056746859,0.0,2.0,2.0
13.442889942541491,4.28184699913686,0.8444529233298008,0.0,1.375,1.375
13.442889942541491,7.749483552450742,1.1898408604077602,0.0,1.0,1.0
13.442889942541491,7.756113533660629,1.0809003537701913,0.0,1.0,1.0
13.442889942541491,35.48700986302375,5.948377955527025,0.0,1.0,1.0
18.336058690846233,106.42089949880115,3.4671242182197255,0.0,1.0,1.0
37.037723834563664,113.56776566270666,5.756973538214504,0.0395625,1.0,1.0
83.75066144003688,65.48314016715752,10.722376913428862,0.15825,1.0,1.0
74.5257927364009,53.93807405676448,12.106074853220056,0.0131875,1.0,1.0
72.29851631263973,41.08492624506457,12.614832819554842,0.1194375,1.0,1.0
74.21670290839647,25.111111032108223,18.142629872622692,0.47775,1.0,1.0
75.21995504444162,33.52366092969801,15.744552381337098,0.1568125,1.0,1.0
75.82844741389097,18.970929903810408,23.812864156616918,0.468,1.0,1.0
72.61024196739237,19.014389516605007,19.92217339156452,0.039,2.25,2.25
77.66682605959963,21.944325987023678,18.326249087946188,0.0,3.0,3.0
82.19581174416012,25.282937322889243,19.591956471172487,0.0,3.0,3.0
57.41216647569334,42.53788488954347,13.408417518407202,0.0,3.0,3.0
30.156088958162037,47.0374403010912,8.870276364211662,0.0,3.0,3.0
27.57729774937083,42.51740953389808,7.595782337925395,0.0,3.0,3.0
23.92397220829688,43.30279194211021,7.113424465373325,0.0,1.75,1.75
22.634576603901273,43.62291353997203,6.207700200048417,0.0,1.0,1.0
18.98125106282732,0.0,0.0,0.0,1.0,1.0
17.15458829229034,0.0,0.0,0.0,1.0,1.0
13.70432548048421,0.0,0.0,0.0,1.0,1.0
13.442889942541491,0.0,0.0,0.0,1.0,1.0
13.442889942541491,0.0,0.0,0.0,1.625,1.625
13.442889942541491,6.008760185567344,1.6107336885336918,0.0,2.0,2.0
13.442889942541491,6.391776285774808,1.4596648848431644,0.0,2.0,2.0
13.442889942541491,27.294439263648144,8.023779334407088,0.0,2.0,2.0
18.336058690846233,85.92951417176292,6.276626199420315,0.0,2.0,2.0
37.10913768677253,95.41311266113392,6.076695691928687,0.0309375,2.0,2.0
84.25706308949471,52.742486295226136,12.54653751884129,0.1815,2.0,2.0
74.4680026373974,35.092207144773596,14.324902889911124,0.2413125,2.0,2.0
72.33032993431304,30.617810297239505,15.906796648340912,0.1124375,2.0,2.0
74.21670290839647,20.458546479920763,21.1491665035809,0.48075,2.0,2.0
75.21995504444162,27.653368018544526,23.0569225662992,0.579875,2.0,2.0
75.82844741389097,12.779062569289222,29.76054914985409,0.5835,2.0,2.0
72.5943351565557,10.644228473605926,28.632101953640323,0.3599375,3.25,3.25
77.91176593304911,12.449710052369621,24.09979267111943,0.02675,4.0,4.0
82.19581174416012,15.507717156101577,22.759807887783438,0.0,4.0,4.0
57.41216647569334,33.19035652301366,18.021241895126934,0.0,4.0,4.0
30.156088958162037,34.97512626430357,11.595352039785753,0.0,4.0,4.0
27.57729774937083,31.93156242137331,9.737797748982684,0.0,4.0,4.0
23.92397220829688,33.63904580865573,9.020347166544342,0.0,2.75,2.75
22.634576603901273,34.57148368002921,8.586103409840037,0.0,2.0,2.0
18.98125106282732,0.0,0.0,0.0,2.0,2.0
17.15458829229034,0.0,0.0,0.0,2.0,2.0
13.70432548048421,0.0,0.0,0.0,2.0,2.0
13.442889942541491,0.0,0.0,0.0,2.0,2.0
13.442889942541491,0.0,0.0,0.0,2.0,2.0
13.442889942541491,0.0,0.0,0.0,2.0,2.0
13.442889942541491,0.0,0.0,0.0,2.0,2.0
13.442889942541491,22.377087675601825,9.671443956368496,0.0,2.0,2.0
18.336058690846233,68.05665545474433,8.960921811935549,0.0,2.0,2.0
37.57011368343676,82.20380086652281,6.819849321951779,0.0,2.0,2.0
87.74248630967305,47.5933486481098,13.910212501931923,0.0,0.75,0.75
75.66322171140061,36.79776366337351,15.831510259711987,0.0,0.0,0.0
72.79470520866096,31.12148177293408,16.814041003667775,0.0,0.0,0.0
74.52842592088554,26.719305058394912,17.928952061116014,0.0,0.0,0.0
75.53168069919427,33.96354278950079,17.945020137347516,0.0,0.0,0.0
76.41001015070226,25.16714635466691,20.07864105812528,0.0,0.0,0.0
74.04233921102704,22.285695524825716,18.82822346471567,0.0,1.25,1.25
78.86619396890973,21.155376101258828,19.322183927217523,0.0,2.0,2.0
82.19581174416012,21.35302599841888,21.568532416196614,0.0,2.0,2.0
57.41216647569334,37.0725654884127,17.20671389165239,0.0,2.0,2.0
30.156088958162037,39.05612624786524,11.691667449419775,0.0,2.0,2.0
27.57729774937083,34.84152320828727,9.984613112981473,0.0,2.0,2.0
23.92397220829688,37.12433692445839,9.224837597085646,0.0,2.625,2.625
22.634576603901273,38.371580778283054,8.747683491973579,0.0,3.0,3.0
18.98125106282732,0.0,0.0,0.0,3.0,3.0
17.15458829229034,0.0,0.0,0.0,3.0,3.0
13.70432548048421,0.0,0.0,0.0,3.0,3.0
13.442889942541491,0.0,0.0,0.0,3.0,3.0
13.442889942541491,0.0,0.0,0.0,3.0,3.0
13.442889942541491,1.8535453416589451,0.6054582219210137,0.0,3.0,3.0
13.442889942541491,5.188887102158207,1.6729686810676287,0.0,3.0,3.0
13.442889942541491,23.645931962234275,8.823754600869684,0.0,3.0,3.0
18.336058690846233,76.37103966767934,8.511366149532178,0.0,3.0,3.0
37.135114824668584,87.20156651512077,6.615694086294605,0.0215625,3.0,3.0
84.41846051813349,49.89600854032152,13.536431920928436,0.08625,3.0,3.0
74.78818937305533,41.21119594844299,15.534534054760456,0.0071875,3.0,3.0
72.45597979881353,32.9182045515973,16.549713550763848,0.0643125,3.0,3.0
74.21670290839647,20.168902299424687,20.305857027206674,0.3316875,3.0,3.0
75.21995504444162,26.71709311826157,23.171161473955074,0.4065625,3.0,3.0
75.84435422472764,13.466868988796955,27.106367194167632,0.3743125,3.0,3.0
73.19822981822773,13.384353478223021,22.1154420764025,0.029125,2.375,2.375
78.3597923194519,14.646985556083417,20.631909610423875,0.0,2.0,2.0
82.19581174416012,16.80075610666767,22.14825062830037,0.0,2.0,2.0
57.41216647569334,33.98924564280164,18.202748724320625,0.0,2.0,2.0
30.156088958162037,35.533125414184994,11.914284907574826,0.0,2.0,2.0
27.57729774937083,31.566442710664056,10.372812284710761,0.0,2.0,2.0
23.92397220829688,33.95621636207927,9.530852487832679,0.0,2.0,2.0
22.634576603901273,35.816807424387,9.035403180796598,0.0,2.0,2.0
18.98125106282732,0.0,0.0,0.0,2.0,2.0
17.15458829229034,0.0,0.0,0.0,2.0,2.0
10.611742008136241,0.0,0.0,0.0,2.0,2.0
10.350306470193523,0.0,0.0,0.0,2.0,2.0
10.350306470193523,0.0,0.0,0.0,2.0,2.0
10.350306470193523,0.0,0.0,0.0,2.0,2.0
10.350306470193523,5.312268823168259,1.6803179374271386,0.0,2.0,2.0
10.350306470193523,27.530512633512554,9.507637093881526,0.0,2.0,2.0
18.336058690846233,68.91641086246108,8.905549542977669,0.0,2.0,2.0
23.975946689580738,78.93756892654658,6.454563468152,0.0373125,2.0,2.0
32.51261533037456,50.31973795444157,7.773821418720059,0.218625,2.625,2.625
34.55185640433484,36.41806248841736,8.909393216867047,0.2899375,3.0,3.0
33.62192559299036,38.305465824612,8.768747637681981,0.023125,3.0,3.0
35.84125200873044,37.16945352665546,8.975057480354423,0.0,3.0,3.0
24.492573044144226,35.85653372980652,7.17720526538887,0.1168125,3.0,3.0
21.913781835353017,23.249706657671425,10.939924029333742,0.46725,3.0,3.0
20.38261954840317,28.946983891752566,6.296342616756648,0.0389375,3.625,3.625
19.9897995102821,36.518400298453074,4.553245548134923,0.0,4.0,4.0
20.503667648639635,42.48608001066945,4.3350085640798905,0.0,4.0,4.0
15.256700318445407,2.0209503662424133,22.402106733558266,0.0,4.0,4.0
13.322606911852002,0.0,0.0,0.0,4.0,4.0
10.611742008136241,0.0,0.0,0.0,4.0,4.0
10.350306470193523,0.0,0.0,0.0,2.75,2.75
10.350306470193523,3.228351212334489,1.0659017433054105,0.0,2.0,2.0
10.350306470193523,3.865757333058594,0.9985657202374189,0.0,2.0,2.0
10.350306470193523,7.107220476741836,1.3982880908008268,0.0,2.0,2.0
10.350306470193523,7.522441309085655,1.279280328967829,0.0,2.0,2.0
10.350306470193523,5.515352712059741,0.7763572674930541,0.0,2.0,2.0
10.350306470193523,8.496299081249127,1.109788245086107,0.0,0.75,0.75
10.350306470193523,7.161667756459666,1.0244147905505583,0.0,0.0,0.0
10.350306470193523,5.619510001598918,0.6423985067862544,0.0,0.0,0.0
10.350306470193523,9.223682681714648,0.8784432743238828,0.0,0.0,0.0
13.134080232505159,8.130933148535123,0.7929483490362956,0.0,0.0,0.0
13.291026960196845,5.879294292135934,0.501231011082852,0.012,0.0,0.0
13.04146203189556,12.086238760236231,2.5258828076518545,0.0703125,1.25,1.25
12.951338413436694,9.973513779950657,2.282942585001602,0.122875,2.0,2.0
12.943652445050503,4.997936286515474,0.46116147879796,0.1259375,2.0,2.0
12.943652445050503,7.554587604662091,0.7603705388078389,0.051125,2.0,2.0
12.933047904492726,5.3024499704554655,0.8265857058809144,0.213375,2.0,2.0
12.940028562614845,2.6672004138097156,0.6471595350214073,0.20725,2.0,2.0
13.011457382355655,6.810498324978367,0.8163416633437443,0.016125,3.25,3.25
13.281167979259983,9.129480082041628,2.0320316457138943,0.0,4.0,4.0
13.322606911852002,9.633614287068186,2.221061827824482,0.0,4.0,4.0
13.322606911852002,14.27856885909196,2.213232819896093,0.0,4.0,4.0
10.611742008136241,15.114755013050742,1.4884643279854741,0.0,4.0,4.0
10.350306470193523,13.593562866927163,1.7603190381388967,0.0,4.0,4.0
10.350306470193523,15.632651918793808,1.8193073620877576,0.0,1.5,1.5
10.350306470193523,10.807018163373236,1.2777180803363861,0.0,0.0,0.0
10.350306470193523,7.620845071858235,0.8965212079443705,0.0,0.0,0.0
10.350306470193523,10.978166890067602,1.252436787399748,0.0,0.0,0.0
13.442889942541491,8.824486524510407,1.0627975160674787,0.0,0.0,0.0
13.442889942541491,6.598265481728792,0.9670107190554955,0.0,0.0,0.0
13.442889942541491,15.042209736403144,1.3954294734581982,0.0,2.5,2.5
13.442889942541491,17.26256485464438,1.353221627222124,0.0,4.0,4.0
13.442889942541491,12.3452680461602,0.8232902868354188,0.0,4.0,4.0
13.442889942541491,65.78121610561017,3.492662432220801,0.0,4.0,4.0
18.336058690846233,139.78603852722534,0.8873365713413577,0.0,4.0,4.0
37.10913768677253,142.75062604753373,4.098400947824914,0.0345,4.0,4.0
84.07815422782643,88.25127087070872,7.357542665494202,0.138,4.0,4.0
74.4680026373974,71.30595212721273,7.605718034988945,0.096625,4.0,4.0
72.28260950180305,50.01481256391054,7.955211754859923,0.3405,4.0,4.0
74.21670290839647,45.48671205037939,9.339318012947768,0.146125,4.0,4.0
75.21995504444162,46.300901592740395,11.040936880702857,0.471,4.0,4.0
75.82844741389097,33.85256197128443,12.315731323224858,0.1200625,4.0,4.0
72.46444946707544,25.05409121186507,15.840135529303337,0.32325,3.375,3.375
77.7805775038908,28.819719905517,14.905682775905822,0.0269375,3.0,3.0
82.19581174416012,33.08167326485043,15.1414163846463,0.0,3.0,3.0
57.41216647569334,53.43441676030322,9.55899543715536,0.0,3.0,3.0
30.156088958162037,59.761207391283584,7.0161116355638375,0.0,3.0,3.0
27.57729774937083,55.25849998993018,5.842687637710165,0.0,3.0,3.0
23.92397220829688,57.18293434613859,5.07744020254997,0.0,3.625,3.625
22.634576603901273,58.17051961943039,3.7801563944276344,0.0,4.0,4.0
18.98125106282732,0.0,0.0,0.0,4.0,4.0
17.15458829229034,0.0,0.0,0.0,4.0,4.0
13.70432548048421,3.961452888366228,1.1507657422410669,0.0,4.0,4.0
13.442889942541491,8.723092840679847,1.5182071311587282,0.0,4.0,4.0
13.442889942541491,7.451170212552949,1.3157424784093803,0.0,2.75,2.75
13.442889942541491,5.87967123745898,0.835119967571517,0.0,2.0,2.0
13.442889942541491,12.00820482890805,2.747345596647249,0.0,2.0,2.0
13.442889942541491,42.50913272241652,5.354003700673432,0.0,2.0,2.0
18.336058690846233,108.07534578912484,3.905042010474183,0.0,2.0,2.0
37.10913768677253,116.1264002215942,5.904865394512634,0.03675,2.0,2.0
84.58455587728426,66.60051444330945,11.490456078169554,0.2360625,0.75,0.75
74.4303518713809,42.02079108731725,13.407854350175166,0.4585,0.0,0.0
72.28260950180305,32.54602002276067,16.33650854460024,0.3896875,0.0,0.0
74.21670290839647,29.704501800261234,16.23207463957223,0.1543125,0.0,0.0
75.21995504444162,33.606731028493066,18.83837933469906,0.61425,0.0,0.0
75.90637882757912,20.452582292991806,25.501800328491278,0.590625,0.0,0.0
72.96443954055863,19.146037228918836,24.09636183423473,0.36375,2.5,2.5
78.03741777924726,24.429326542782864,19.15233140331018,0.0270625,4.0,4.0
82.19581174416012,29.37254202597205,20.35818788684317,0.0,4.0,4.0
57.41216647569334,46.935449240185584,14.147174978822399,0.0,4.0,4.0
30.156088958162037,53.68888435381771,9.321192299380876,0.0,4.0,4.0
27.57729774937083,49.65780522769461,7.922455225762094,0.0,4.0,4.0
23.92397220829688,49.98479113647253,7.43484737262848,0.0,2.125,2.125
22.634576603901273,50.40320316726545,6.612986959613438,0.0,1.0,1.0
18.98125106282732,0.0,0.0,0.0,1.0,1.0
17.15458829229034,0.0,0.0,0.0,1.0,1.0
13.70432548048421,0.0,0.0,0.0,1.0,1.0
13.442889942541491,1.8805935250796788,0.5840732958667084,0.0,1.0,1.0
13.442889942541491,6.3589923008355465,1.587166431926934,0.0,1.625,1.625
13.442889942541491,5.1013055530161635,0.9735931217813271,0.0,2.0,2.0
13.442889942541491,9.556625863722058,1.3870263581168882,0.0,2.0,2.0
13.442889942541491,40.466136060449756,7.091116929011827,0.0,2.0,2.0
18.336058690846233,96.02539103663501,6.252743093795714,0.0,2.0,2.0
37.037723834563664,104.05588980721767,6.069870665835125,0.0470625,2.0,2.0
83.78175616495194,60.34850052790808,12.628720855340475,0.18825,2.0,2.0
74.43618901572407,47.30514003556638,13.407810265038204,0.13025,2.0,2.0
72.28260950180305,28.632246168055307,18.43726806631747,0.5915625,2.0,2.0
74.21670290839647,21.3281040063002,22.809949593576135,0.5714375,2.0,2.0
75.21995504444162,32.0583623292785,19.889182771212297,0.0444375,2.0,2.0
75.84435422472764,24.74558590350912,20.13903388749626,0.0,2.0,2.0
72.6521259161251,21.92757166903365,18.622390218234415,0.0,2.625,2.625
77.85338324040346,23.17411375361284,18.77601534955368,0.0,3.0,3.0
82.19581174416012,25.822593509651146,20.956140249703708,0.0,3.0,3.0
57.41216647569334,41.93783593311958,15.731427862383809,0.0,3.0,3.0
30.156088958162037,45.97477807702499,10.628472414935175,0.0,3.0,3.0
27.57729774937083,41.79850304143568,9.072875771044618,0.0,3.0,3.0
23.92397220829688,42.75085163313347,8.396029864116338,0.0,1.75,1.75
22.634576603901273,43.454190591102844,7.809893364467544,0.0,1.0,1.0
18.98125106282732,0.0,0.0,0.0,1.0,1.0
17.15458829229034,0.0,0.0,0.0,1.0,1.0
13.70432548048421,0.0,0.0,0.0,1.0,1.0
13.442889942541491,0.0,0.0,0.0,1.0,1.0
13.442889942541491,3.8713269146757248,1.1534482658157312,0.0,1.625,1.625
13.442889942541491,4.67219263665832,1.0793053865773976,0.0,2.0,2.0
13.442889942541491,8.550257636243002,1.5140586931897277,0.0,2.0,2.0
13.442889942541491,37.12193163739112,8.35287133626314,0.0,2.0,2.0
18.336058690846233,90.31978518956971,7.3048609982346395,0.0,2.0,2.0
37.10913768677253,99.34242439611309,6.274589080458611,0.028875,2.0,2.0
84.0739217056761,56.99533369285646,12.832445119445616,0.168375,1.375,1.375
74.3582595837336,37.13311514676819,14.752964593710482,0.2910625,1.0,1.0
72.28260950180305,27.175006531428714,18.866476774854156,0.3811875,1.0,1.0
74.21670290839647,22.13771472699926,21.715479045989493,0.3585625,1.0,1.0
75.21995504444162,31.661071750892113,19.61928260918316,0.14025,1.0,1.0
75.82844741389097,18.487804189293293,25.86994192492143,0.44925,1.0,1.0
72.85581179174527,18.105066215398118,21.263348443628356,0.0374375,1.625,1.625
78.14555621071823,20.27639627345638,19.715531640952314,0.0,2.0,2.0
82.19581174416012,22.669619258583865,21.512670352833933,0.0,2.0,2.0
57.41216647569334,39.374967119733085,16.804678440940354,0.0,2.0,2.0
30.156088958162037,43.4388676242597,11.3603695985899,0.0,2.0,2.0
27.57729774937083,39.72776724750853,9.681999748877523,0.0,2.0,2.0
23.92397220829688,42.57233213224116,8.955607122760314,0.0,2.0,2.0
22.634576603901273,44.84686331746895,8.42919218521081,0.0,2.0,2.0
18.98125106282732,0.0,0.0,0.0,2.0,2.0
17.15458829229034,0.0,0.0,0.0,2.0,2.0
13.70432548048421,0.0,0.0,0.0,2.0,2.0
13.442889942541491,1.9884716921601429,0.6291910696288914,0.0,2.0,2.0
13.442889942541491,5.852297676887674,1.7190776506106087,0.0,2.0,2.0
13.442889942541491,4.795847016626388,1.0786058035486197,0.0,2.0,2.0
13.442889942541491,8.695151977221093,1.5186450280186263,0.0,2.0,2.0
13.442889942541491,37.316743431258395,8.444217953157414,0.0,2.0,2.0
18.336058690846233,88.71139491500126,7.659076638831589,0.0,2.0,2.0
37.10913768677253,98.62339445071878,6.338716995561093,0.0315,2.0,2.0
84.20934265698473,58.808306349281125,12.902501338265047,0.126,2.0,2.0
74.55176921373103,47.22175371990214,14.181117818239658,0.0864375,2.0,2.0
72.28260950180305,30.04814430915624,17.727399223736132,0.3946875,2.0,2.0
74.21670290839647,22.689846605392884,21.614012337340306,0.3890625,2.0,2.0
75.21995504444162,31.753863013994167,19.840877036997664,0.1476875,2.0,2.0
75.82844741389097,17.586858255458367,26.3883410600955,0.4695,2.0,2.0
72.8281274159225,16.351267972564813,21.7070699761962,0.039125,2.0,2.0
78.14555621071823,17.9871578154013,20.021190659771626,0.0,2.0,2.0
82.19581174416012,20.794266184438897,21.631223464717905,0.0,2.0,2.0
57.41216647569334,37.726923026955525,17.11212058653366,0.0,2.0,2.0
30.156088958162037,41.080488524845464,11.488663096981975,0.0,2.0,2.0
27.57729774937083,37.52616842333579,9.820800522873,0.0,2.0,2.0
23.92397220829688,40.24298021645123,9.075834093133894,0.0,2.0,2.0
22.634576603901273,42.43093707762247,8.592142578168449,0.0,2.0,2.0
18.98125106282732,0.0,0.0,0.0,2.0,2.0
17.15458829229034,0.0,0.0,0.0,2.0,2.0
10.611742008136241,0.0,0.0,0.0,2.0,2.0
10.350306470193523,1.8713786861584591,0.6248968610301546,0.0,2.0,2.0
10.350306470193523,5.85633979080077,1.6980229747732354,0.0,2.0,2.0
10.350306470193523,4.7210725739380885,1.0408907040077566,0.0,2.0,2.0
10.350306470193523,9.208949876659737,1.474843306652733,0.0,2.0,2.0
10.350306470193523,40.08994682057403,8.085116406929547,0.0,2.0,2.0
18.336058690846233,86.8822653001986,7.4919209466380705,0.0,2.0,2.0
23.985174814854993,96.30617404065418,5.4047974955984035,0.040875,2.0,2.0
32.879549462841105,67.33277023859256,6.936276122856705,0.1635,1.375,1.375
34.64092525094738,60.759799862616404,7.617175312383002,0.013625,1.0,1.0
33.58480970103814,50.9083446870155,7.722311844808883,0.1164375,1.0,1.0
35.84125200873044,36.70304801330277,12.414099992806845,0.595125,1.0,1.0
24.492573044144226,32.72769515950838,12.913427545847338,0.673875,1.0,1.0
21.913781835353017,26.037338146672045,13.06442394804865,0.5960625,1.0,1.0
20.41231889396464,25.90200039428827,10.377951113335834,0.3699375,2.875,2.875
20.00748245649255,36.384932602633135,4.750626005213411,0.0275625,4.0,4.0
20.503667648639635,43.89667612547868,4.112818197043351,0.0,4.0,4.0
15.256700318445407,2.0568385075887976,21.959283379588346,0.0,4.0,4.0
13.322606911852002,0.0,0.0,0.0,4.0,4.0
10.611742008136241,3.470545297706746,1.2265283998890568,0.0,4.0,4.0
10.350306470193523,3.154051153470227,1.1089402383818872,0.0,1.5,1.5
10.350306470193523,3.1635097931890557,0.9847183664890111,0.0,0.0,0.0
10.350306470193523,3.793469266089261,0.9251864374554711,0.0,0.0,0.0
10.350306470193523,6.833016248964588,1.2845874174719425,0.0,0.0,0.0
10.350306470193523,6.795515882686182,1.1404212548974437,0.0,0.0,0.0
10.350306470193523,5.502366078868675,0.7290387543303378,0.0,0.0,0.0
10.350306470193523,12.89001035880239,2.5321504506609935,0.0,1.25,1.25
10.350306470193523,14.91449578908552,2.7634241924646985,0.0,2.0,2.0
10.350306470193523,13.701867296643757,3.1619954445965712,0.0,2.0,2.0
10.350306470193523,21.347498177138096,3.3900428695105616,0.0,2.0,2.0
13.134080232505159,19.640217181530375,3.5203128179176546,0.0,2.0,2.0
13.24577757907463,17.35124225803857,4.507272536551447,0.0376875,2.0,2.0
13.014172379930036,17.931970805684838,2.56824183261453,0.15075,2.0,2.0
12.947009000548336,15.968152243271124,1.843857692303232,0.102,2.0,2.0
12.933047904492726,8.451082521244638,2.6099535365258557,0.464625,2.0,2.0
12.933047904492726,9.381353595384375,1.9313302748739212,0.4573125,2.0,2.0
12.933047904492726,7.283473299467222,1.6152589981023946,0.035625,2.0,2.0
12.933047904492726,4.497605071954794,1.1439553189319702,0.0830625,2.0,2.0
12.941706950458077,8.865550229995522,3.227530083888319,0.33225,2.625,2.625
13.2265882625739,10.868524824289448,2.6893262873905837,0.0276875,3.0,3.0
13.322606911852002,8.580525353252849,1.4590115249640614,0.0,3.0,3.0
13.322606911852002,18.46488852019406,2.113797615066943,0.0,3.0,3.0
10.611742008136241,15.925821649890302,1.7353542213836133,0.0,3.0,3.0
10.350306470193523,13.421355980358001,1.7929056981402745,0.0,3.0,3.0
10.350306470193523,22.06234108086255,2.563603621382416,0.0,2.375,2.375
10.350306470193523,21.92389959073918,3.4160987293259892,0.0,2.0,2.0
10.350306470193523,19.260209512458047,3.8134308419420844,0.0,2.0,2.0
10.350306470193523,31.726492040324445,4.07614647202319,0.0,2.0,2.0
10.350306470193523,33.37867732903416,3.013462677490989,0.0,2.0,2.0
10.350306470193523,27.046887313637892,3.5115085766272838,0.0,2.0,2.0
10.350306470193523,36.32918512765919,3.7951029544886734,0.0,0.75,0.75
10.350306470193523,31.3631508475231,2.798742449441365,0.0,0.0,0.0
10.350306470193523,24.631837860870966,3.308139532335188,0.0,0.0,0.0
10.350306470193523,37.24462284428818,3.543003486222705,0.0,0.0,0.0
13.134080232505159,33.4251994642619,2.662268831630724,0.0,0.0,0.0
13.24577757907463,24.97914227505367,3.184798973200107,0.031875,0.0,0.0
13.028076949516553,34.38032706625328,3.554577368722381,0.2116875,1.25,1.25
12.942590441982595,26.572971828070134,3.0222665721339856,0.422375,2.0,2.0
12.933047904492726,16.086997694258105,2.9791935753353798,0.3280625,2.0,2.0
12.933047904492726,21.143906365248615,1.1132632444375052,0.1271875,2.0,2.0
12.933047904492726,15.881575684452446,1.6518758153099429,0.5266875,2.0,2.0
12.933047904492726,7.823303947847082,1.4434445914859289,0.5894375,2.0,2.0
12.951809170750987,12.7995520352397,2.1204164716392975,0.3738125,2.625,2.625
13.238490571275378,15.679215828278338,1.2914520233981144,0.027875,3.0,3.0
13.322606911852002,11.878054759016939,0.6066144851809758,0.0,3.0,3.0
13.322606911852002,22.164361541258536,0.8554801195735287,0.0,3.0,3.0
10.611742008136241,23.689464995765093,2.070626938101153,0.0,3.0,3.0
10.350306470193523,19.486307127114475,1.8872368977460148,0.0,3.0,3.0
10.350306470193523,31.458856064132583,2.685977355686428,0.0,2.375,2.375
10.350306470193523,30.58834172743929,1.717834961446343,0.0,2.0,2.0
10.350306470193523,23.360042520619864,2.4745075688545035,0.0,2.0,2.0
10.350306470193523,36.71744377085208,3.1285423313124543,0.0,2.0,2.0
13.442889942541491,33.37750195136774,2.3052831114909953,0.0,2.0,2.0
13.442889942541491,25.586340535411644,2.946084055016378,0.0,2.0,2.0
13.442889942541491,38.72070500646331,3.1096582096487295,0.0,2.0,2.0
13.442889942541491,34.56997022025385,2.250353357250446,0.0,2.0,2.0
13.442889942541491,26.157889116081268,2.881688593637069,0.0,2.0,2.0
13.442889942541491,87.95428716314919,2.639941249452635,0.0,2.0,2.0
18.336058690846233,175.18743778651145,0.3482848550420604,0.0,2.0,2.0
37.10913768677253,167.64416067713003,1.044934724033776,0.0388125,2.0,2.0
84.3703197685506,110.06099143498494,6.967117766650008,0.15525,2.0,2.0
74.5157230699074,89.98323342341523,7.143210197836024,0.103125,2.0,2.0
72.28260950180305,63.59321994537058,7.668874474253708,0.49425,2.0,2.0
74.21670290839647,48.30943780411167,11.53631697915482,0.6866875,2.0,2.0
75.21995504444162,53.39592212755034,12.024641451093922,0.653125,2.0,2.0
75.84435422472764,29.938026161744013,14.367163797298558,0.5975625,2.0,2.0
72.86636747275168,25.625679560832086,15.470968547677877,0.376125,3.25,3.25
78.20393345547093,30.788827982862923,11.899970277819623,0.0280625,4.0,4.0
82.19581174416012,34.863206686932315,12.4793218536939,0.0,4.0,4.0
57.41216647569334,58.108810942302775,8.431620562394817,0.0,4.0,4.0
30.156088958162037,63.54550118503451,6.763273232581035,0.0,4.0,4.0
27.57729774937083,58.051891692042325,5.242470372740113,0.0,4.0,4.0
23.92397220829688,58.574485913937565,4.243548075977606,0.0,3.375,3.375
22.634576603901273,58.81491746195841,3.058117826095685,0.0,3.0,3.0
18.98125106282732,0.0,0.0,0.0,3.0,3.0
17.15458829229034,0.0,0.0,0.0,3.0,3.0
13.70432548048421,1.7832037067047304,0.5530563580688432,0.0,3.0,3.0
13.442889942541491,5.8214999224583615,1.4557744649953703,0.0,3.0,3.0
13.442889942541491,4.425510139324918,0.8696091703413397,0.0,2.375,2.375
13.442889942541491,8.24611380418817,1.2181244235167565,0.0,2.0,2.0
13.442889942541491,9.240217056316563,1.9766071402419065,0.0,2.0,2.0
13.442889942541491,37.03612444078154,5.879916755177141,0.0,2.0,2.0
18.336058690846233,105.96370154735234,3.5668657383898417,0.0,2.0,2.0
37.10913768677253,113.55199373034189,5.813474757919544,0.0425625,2.0,2.0
83.94485967611902,64.10625701644207,10.80342913473739,0.2990625,3.25,3.25
74.23260971923314,37.80441504360312,14.881289942998576,0.6276875,4.0,4.0
72.28260950180305,30.920099102595344,17.330424449109888,0.4359375,4.0,4.0
74.21670290839647,30.737515999787632,15.586480935881887,0.03275,4.0,4.0
75.21995504444162,37.82310249863511,14.443454124268904,0.1183125,4.0,4.0
75.82844741389097,22.486855587810453,22.452577173146985,0.47325,4.0,4.0
72.6420555890657,21.42848710388117,19.12528608274976,0.0394375,5.25,5.25
78.14555621071823,24.784045451943346,18.024249216229588,0.0,6.0,6.0
82.19581174416012,27.79428782910377,19.691466756584422,0.0,6.0,6.0
57.41216647569334,44.52614375777079,13.48133274445252,0.0,6.0,6.0
30.156088958162037,48.84214212549697,8.908617690604757,0.0,6.0,6.0
27.57729774937083,44.44035742311278,7.6434969720061225,0.0,6.0,6.0
23.92397220829688,44.41699867850491,7.164479129436334,0.0,4.125,4.125
22.634576603901273,44.0698491735013,6.307142849347625,0.0,3.0,3.0
18.98125106282732,0.0,0.0,0.0,3.0,3.0
17.15458829229034,0.0,0.0,0.0,3.0,3.0
13.70432548048421,0.0,0.0,0.0,3.0,3.0
13.442889942541491,0.0,0.0,0.0,3.0,3.0
13.442889942541491,3.0225881971736936,1.140560256066107,0.0,2.375,2.375
13.442889942541491,5.002186221976397,1.2859662725852932,0.0,2.0,2.0
13.442889942541491,6.016213593637444,1.4713181082593225,0.0,2.0,2.0
13.442889942541491,27.157786962200838,8.035262452463744,0.0,2.0,2.0
18.336058690846233,87.55381450774625,6.237573892872002,0.0,2.0,2.0
37.10913768677253,98.00164277958072,6.058924390152173,0.0345,2.0,2.0
83.76584935411526,55.13208384814192,12.661094227084735,0.2668125,2.625,2.625
74.21670290839647,31.8511438149372,17.62369506669006,0.6055,3.0,3.0
72.28260950180305,28.22564264525319,19.345177185707556,0.3579375,3.0,3.0
74.21670290839647,29.548898976821626,17.583207301896532,0.02625,3.0,3.0
75.21995504444162,36.902595430340334,16.943104037788434,0.1185,3.0,3.0
75.82844741389097,22.24883205926201,24.608088988423994,0.5593125,3.0,3.0
72.5943351565557,17.569090009253717,25.00290801318334,0.38075,3.0,3.0
77.93774307094516,20.87770480699953,20.76173565742083,0.0284375,3.0,3.0
82.19581174416012,25.327855637840454,21.40287117766743,0.0,3.0,3.0
57.41216647569334,42.34120302011638,16.247611085798447,0.0,3.0,3.0
30.156088958162037,46.84625855010934,10.850022789089541,0.0,3.0,3.0
27.57729774937083,42.7230203564455,9.247050014529322,0.0,3.0,3.0
23.92397220829688,43.99322454939033,8.556948157751727,0.0,2.375,2.375
22.634576603901273,44.83519301302629,8.005215204115405,0.0,2.0,2.0
18.98125106282732,0.0,0.0,0.0,2.0,2.0
17.15458829229034,0.0,0.0,0.0,2.0,2.0
13.70432548048421,0.0,0.0,0.0,2.0,2.0
13.442889942541491,0.0,0.0,0.0,2.0,2.0
13.442889942541491,5.629055931388003,1.758636758061163,0.0,2.0,2.0
13.442889942541491,6.330408781674422,1.597898606096566,0.0,2.0,2.0
13.442889942541491,4.8338513265076415,0.9900213431431689,0.0,2.0,2.0
13.442889942541491,35.915708729559434,8.715710444692863,0.0,2.0,2.0
18.336058690846233,88.38568596613314,7.502968386055701,0.0,2.0,2.0
37.125044497609196,98.52261237575101,6.275086217798658,0.0279375,2.0,2.0
83.78598868710226,57.95816280015019,12.891443374511116,0.1603125,2.0,2.0
74.34235277289693,39.58200725942872,14.528319260617753,0.26675,2.0,2.0
72.28260950180305,29.1458670888072,17.934650174302547,0.34375,2.0,2.0
74.21670290839647,24.17512525156908,21.00730656664889,0.3203125,2.0,2.0
75.25176866611496,36.04758035550947,18.04847775189484,0.0249375,2.0,2.0
76.0596104521685,30.346306017700613,19.658021590887422,0.0,2.0,2.0
73.08425226071593,27.659065553324677,18.46286412320024,0.0,2.625,2.625
78.14555621071823,26.850349801658503,18.86774892907532,0.0,3.0,3.0
82.19581174416012,28.79831983809991,21.098574687768586,0.0,3.0,3.0
57.41216647569334,43.99798937971688,15.727314275019198,0.0,3.0,3.0
30.156088958162037,48.37067556268377,11.026713309452576,0.0,3.0,3.0
27.57729774937083,44.274100984536254,9.38342667151688,0.0,3.0,3.0
23.92397220829688,45.95835969553306,8.674454414718788,0.0,2.375,2.375
22.634576603901273,47.27805821208643,8.086078430424804,0.0,2.0,2.0
18.98125106282732,0.0,0.0,0.0,2.0,2.0
17.15458829229034,0.0,0.0,0.0,2.0,2.0
10.611742008136241,0.0,0.0,0.0,2.0,2.0
10.350306470193523,6.597013208499563,1.797934169832669,0.0,2.0,2.0
10.350306470193523,6.091527621226569,1.586044584219066,0.0,0.75,0.75
10.350306470193523,4.464503137443825,0.9845547187983283,0.0,0.0,0.0
10.350306470193523,7.615090090251177,1.3551540565437945,0.0,0.0,0.0
10.350306470193523,36.07268830998759,7.6339444377550745,0.0,0.0,0.0
18.336058690846233,89.47709858859155,7.120121496915231,0.0,0.0,0.0
23.985174814854993,98.76332573820783,5.102422690577969,0.0395625,0.0,0.0
32.75447838940793,69.27032129133812,6.555193196145093,0.15825,0.0,0.0
34.625018440110715,60.05052808595836,7.2789991333832695,0.101875,0.0,0.0
33.58480970103814,41.218170634390766,9.911622835833134,0.4595625,0.0,0.0
35.84125200873044,33.70330579787447,14.052858010721629,0.567875,0.0,0.0
24.492573044144226,30.205583080812147,13.154045741623545,0.5111875,0.0,0.0
21.921735240771348,30.18998791440708,7.725141990446091,0.0396875,0.0,0.0
20.363623398912182,36.64001316835334,4.642029166365479,0.0,1.875,1.875
19.870881602144706,41.15110354344873,3.5529158219968933,0.0,3.0,3.0
20.503667648639635,47.27264923998632,3.4701839017718292,0.0,3.0,3.0
15.256700318445407,2.1911856302971686,21.650804850768775,0.0,3.0,3.0
13.322606911852002,0.0,0.0,0.0,3.0,3.0
10.611742008136241,0.0,0.0,0.0,3.0,3.0
10.350306470193523,4.957732062115285,1.6690287919037403,0.0,2.375,2.375
10.350306470193523,5.828102586796957,1.4715698782807645,0.0,2.0,2.0
10.350306470193523,4.657979196489969,0.8993379210036986,0.0,2.0,2.0
10.350306470193523,8.901566925866847,1.272082936730704,0.0,2.0,2.0
10.350306470193523,8.538023523356404,1.1143631620835655,0.0,2.0,2.0
10.350306470193523,10.158259536630867,3.480493294849391,0.0,2.0,2.0
10.350306470193523,15.51482537241152,3.7523212079530808,0.0,2.0,2.0
10.350306470193523,15.888922301736779,2.607995152936905,0.0,2.0,2.0
10.350306470193523,14.591502370303742,2.9891441023291523,0.0,2.0,2.0
10.350306470193523,23.359806765933467,6.147969089338661,0.0,2.0,2.0
13.134080232505159,22.120266824903638,5.793994859736503,0.0,2.0,2.0
13.24577757907463,18.64853898102421,4.79496463334228,0.03225,2.0,2.0
13.015291231762648,22.405790888250735,5.792427437383,0.129,2.625,2.625
12.948452138177787,20.416907193256872,4.973303541500545,0.082375,3.0,3.0
12.933047904492726,11.531241406415237,2.2476270323530967,0.3710625,3.0,3.0
12.933047904492726,13.630417735611745,3.0791158129056075,0.4579375,3.0,3.0
12.933047904492726,9.637392054280982,2.733821809875432,0.4114375,3.0,3.0
12.940912274327994,7.56732842425013,2.607543382729564,0.0319375,3.0,3.0
12.96223553004832,10.398519244594027,2.415057534591617,0.0,2.375,2.375
13.258767166099124,10.328781669268922,1.6875853826488625,0.0,2.0,2.0
13.322606911852002,10.74758167116758,1.8910881729136089,0.0,2.0,2.0
13.322606911852002,15.429550052955486,1.855376885311531,0.0,2.0,2.0
10.611742008136241,16.30014294388142,1.2029092364443608,0.0,2.0,2.0
10.350306470193523,16.050118795287364,1.4773504838483127,0.0,2.0,2.0
10.350306470193523,22.135601669101515,1.3855102269468607,0.0,2.0,2.0
10.350306470193523,23.248969155008833,3.9442535287265814,0.0,2.0,2.0
10.350306470193523,22.260990082704897,4.059017490812932,0.0,2.0,2.0
10.350306470193523,30.562704857991523,2.963679281436078,0.0,2.0,2.0
